-9.47260396861745e+58
6.61069830711381e+62
-6.31378813093711e+65
2.07104519988093e+69
-1.82988279007952e+72
8.1701665447696e+74
-1.71175235618093e+77
3.54753490272342e+79
-7.28669485762623e+81
-1.51611288503022e+98
3.01658263911152e+97
-1.14485228448257e+98
1.3642175371326e+97
9.39669229972382e+97
7.29118557129793e+97
-7.9439017180263e+97
1.53158961189174e+98
-6.27923871807392e+97
4.62781423617457e+97
1.46436848876182e+98
-4.07621309547799e+97
-8.44727472801274e+97
-1.47244773521078e+98
-2.1625384144057e+98
-2.67910555608925e+98
-2.80151573205831e+98
-2.47302051331316e+98
-1.84216235301226e+98
-1.15692322052276e+98
-6.11699204442302e+97
-2.71747539698533e+97
2.50593157484742e+98
8.69468790202331e+97
2.52426231064068e+97
-1.89407619148309e+98
-4.290614738617e+97
2.82725736888488e+98
4.9924210002664e+97
-2.90335865713714e+98
-3.98631088592452e+97
2.05477719102449e+98
2.1844881703037e+97
-1.0017164052899e+98
4.33844917317306e+98
3.35447397453912e+97
-1.29831203162195e+98
4.75541114487326e+98
2.66125767766173e+97
-8.74121802840516e+97
2.72119257017431e+98
-9.66426169219699e+58
1.31590022229779e+63
-1.98724885731768e+66
3.08644657009447e+69
-2.6219154732604e+72
8.27067322594474e+74
-2.90046939289318e+77
6.76660586871627e+79
-9.29290859575197e+81
-1.49444257128894e+98
2.93872100744624e+97
-1.12072445517765e+98
1.24565542438967e+97
9.16590098670036e+97
7.13036160599523e+97
-7.7102554162821e+97
1.49754804106718e+98
-6.06000307945958e+97
4.49214691864848e+97
1.42013419146436e+98
-3.94511199277876e+97
-8.16650453200005e+97
-1.4218137609622e+98
-2.08551009688127e+98
-2.58013291465602e+98
-2.6940293843559e+98
-2.37433218626004e+98
-1.76557814498689e+98
-1.10673015127786e+98
-5.8395151845895e+97
-2.58832303744003e+97
2.3868330842507e+98
8.26075277297932e+97
2.39163708061134e+97
-1.79456099749677e+98
-4.05263663167253e+97
2.67044399974711e+98
4.69919873365653e+97
-2.73283420415121e+98
-3.73752228315962e+97
1.92653696924896e+98
2.03904868655244e+97
-9.35023812639707e+97
4.04960240749947e+98
3.11516169138784e+97
-1.20568882622773e+98
4.41615403992481e+98
2.45677486855326e+97
-8.0695696564786e+97
2.5121044183915e+98
-7.51650750406197e+58
1.00319541442146e+63
-5.39031297566236e+65
1.80567797093085e+69
-1.42809870489897e+72
7.28367173525609e+74
-2.06142464165356e+77
4.46304437780898e+79
-8.73374859682497e+81
-1.47338919517769e+98
2.86412039984124e+97
-1.09755002149676e+98
1.13379456900922e+97
8.94556246135274e+97
6.97674917829564e+97
-7.48866162868952e+97
1.4651277905588e+98
-5.85344346031417e+97
4.36420675945739e+97
1.3784936973214e+98
-3.82218049581122e+97
-7.90379685318654e+97
-1.37454609562039e+98
-2.01377999794154e+98
-2.48821173004322e+98
-2.5944855057986e+98
-2.28321746533977e+98
-1.6951069283614e+98
-1.0607108795696e+98
-5.58611752778926e+97
-2.47088904640698e+97
2.27854075350934e+98
7.86806894305294e+97
2.27225138093131e+97
-1.70498007681949e+98
-3.83966799019094e+97
2.53011038537848e+98
4.43850691095956e+97
-2.58122795668649e+98
-3.51796117681924e+97
1.81336231872076e+98
1.91176506475572e+97
-8.76656758525374e+97
3.796813707361e+98
2.90771873353187e+97
-1.12540029967985e+98
4.12207599043663e+98
2.28147119609157e+97
-7.49376369759055e+97
2.33285259168175e+98
-1.30952701776703e+59
1.47817428708557e+63
-6.2873700694895e+65
2.67158854312088e+69
-1.8864043182672e+72
9.55130951495759e+74
-2.48509248219911e+77
3.51447083349198e+79
-7.61801944696765e+81
-1.45292654147192e+98
2.79259498731182e+97
-1.07527477628694e+98
1.02817634814844e+97
8.73499856339372e+97
6.82986557153595e+97
-7.27824249446885e+97
1.43421108963008e+98
-5.65853800202316e+97
4.24335192042289e+97
1.33922538012787e+98
-3.70667810177118e+97
-7.65746314973468e+97
-1.33031986155842e+98
-1.94681969646287e+98
-2.40261439595719e+98
-2.5020351951646e+98
-2.19883680805825e+98
-1.63004493716432e+98
-1.01836562029201e+98
-5.35379530221935e+97
-2.36364789818136e+97
2.17964780941408e+98
7.51102154319832e+97
2.16421712405768e+97
-1.6239167032325e+98
-3.64796350482681e+97
2.40378858755857e+98
4.20521698824146e+97
-2.44555738859389e+98
-3.32276325754207e+97
1.71274588700595e+98
1.79943756714704e+97
-8.25147972949853e+97
3.57372829590013e+98
2.72617689468186e+97
-1.05513652120909e+98
3.8647162550388e+98
2.12951735827607e+97
-6.99465309629513e+97
2.17747649360876e+98
-9.79216760127651e+58
1.13727430748932e+63
-4.39593971387489e+65
2.58642380925216e+69
-1.56837130740815e+72
7.48087188274976e+74
-1.95681404406569e+77
4.03184888534395e+79
-9.0783530914008e+81
-1.43302987153725e+98
2.72397226317888e+97
-1.05384849807896e+98
9.2838033302232e+96
8.53358795020951e+97
6.68927053342096e+97
-7.07820227828087e+97
1.40469148734171e+98
-5.47437021252421e+97
4.12900972657465e+97
1.3021321615335e+98
-3.59795116981292e+97
-7.42601897061525e+97
-1.28885067966895e+98
-1.88416877487242e+98
-2.32271007418453e+98
-2.41594635583069e+98
-2.12047032649602e+98
-1.56979243409664e+98
-9.79271314319375e+97
-5.14002436279106e+97
-2.26532783029387e+97
2.0889814883068e+98
7.18497041683231e+97
2.0659889177725e+97
-1.55021129207045e+98
-3.47449009814983e+97
2.28947998721505e+98
3.99522456644045e+97
-2.32343556976797e+98
-3.14808682390391e+97
1.6227074344697e+98
1.69957656934959e+97
-7.79355815262477e+97
3.37540170430984e+98
2.56597054041155e+97
-9.93130410769062e+97
3.6376024295299e+98
1.99653975059405e+97
-6.55787221511591e+97
2.04150401309161e+98
-1.12898371809762e+59
1.12175888127488e+63
-1.58541792997027e+66
1.95103526150638e+69
-2.18443978868588e+72
9.70690938634599e+74
-2.7578804176479e+77
4.62673639771127e+79
-9.99542643816034e+81
-1.4136758200668e+98
2.65809189594455e+97
-1.03322459372955e+98
8.34020512291713e+96
8.34076029721367e+97
6.55456169186071e+97
-6.88781803656294e+97
1.37647251585958e+98
-5.30011579786298e+97
4.02066759510873e+97
1.26703820414481e+98
-3.49542054856425e+97
-7.20815402721569e+97
-1.249888549982e+98
-1.82542422154752e+98
-2.247949126336e+98
-2.33558427565447e+98
-2.04749720528062e+98
-1.51383517540423e+98
-9.43067450244805e+97
-4.94266814233818e+97
-2.17486018871342e+97
2.00555632436885e+98
6.88604742563807e+97
1.97628969476131e+97
-1.48290559631472e+98
-3.31676531666363e+97
2.18554879416033e+98
3.80520591864914e+97
-2.21292957342135e+98
-2.99085749376729e+97
1.54166224329775e+98
1.61021593505079e+97
-7.38378695278733e+97
3.19792912761869e+98
2.42354747934539e+97
-9.38007130756948e+97
3.43569880324194e+98
1.87919279755411e+97
-6.17243210426775e+97
1.92151422293907e+98
-8.87943241333105e+58
1.00400202199446e+63
-1.29040338830085e+66
1.42335486006461e+69
-1.7307611761644e+72
7.60793303299417e+74
-1.75255768914199e+77
2.98335377886429e+79
-6.67597119396073e+81
-1.39484230041872e+98
2.59480469715578e+97
-1.01335977869461e+98
7.44741948313464e+96
8.15599119273985e+97
6.42537055293768e+97
-6.70643152569807e+97
1.34946653926841e+98
-5.1350314166181e+97
3.91786535539907e+97
1.23378612513979e+98
-3.39857125969564e+97
-7.00270738104455e+97
-1.2132128092321e+98
-1.77023175499469e+98
-2.17785045726833e+98
-2.26039595647388e+98
-1.97937922639315e+98
-1.46172970207087e+98
-9.09444917861132e+97
-4.75990601669172e+97
-2.09134044012045e+97
1.92853819679606e+98
6.61100231326733e+97
1.89405490276112e+97
-1.42120082963401e+98
-3.17273781305262e+97
2.09064329185735e+98
3.63244081807194e+97
-2.11245744085459e+98
-2.84858575171031e+97
1.46832707058989e+98
1.52978230446924e+97
-7.01495134230927e+97
3.03818582725365e+98
2.29610256762734e+97
-8.88680980397842e+97
3.25502870684492e+98
1.77487368141432e+97
-5.82978349282566e+97
1.81484568308823e+98
-1.19489635131026e+59
9.31708641308011e+62
-1.071001709366e+66
2.3559215308626e+69
-1.66298724023652e+72
5.82415943530029e+74
-2.49010591074542e+77
4.27660102162296e+79
-7.17229951046533e+81
-1.37650841772518e+98
2.53397169113766e+97
-9.94213790399699e+97
6.60217809890658e+96
7.97879763244644e+97
6.30135899649712e+97
-6.53344216362314e+97
1.32359375850662e+98
-4.97844503765721e+97
3.82018871740885e+97
1.20223463726086e+98
-3.30694384969405e+97
-6.80864675553677e+97
-1.17862795057024e+98
-1.71827867518365e+98
-2.1119911541113e+98
-2.18989737498008e+98
-1.915647475611e+98
-1.41309156650647e+98
-8.78137163136442e+97
-4.59017699046985e+97
-2.01399783226603e+97
1.85721635187693e+98
6.35708407746166e+97
1.81839006725917e+97
-1.36442582353343e+98
-3.04069766222272e+97
2.00363674092771e+98
3.47468151883529e+97
-2.02071198664686e+98
-2.71923419027438e+97
1.40165171661468e+98
1.45700168322502e+97
-6.68120930189679e+97
2.89364161349799e+98
2.18139114223118e+97
-8.44283187061199e+97
3.09241002855637e+98
1.68152706442633e+97
-5.52317537483067e+97
1.71939676443783e+98
-8.5062697491302e+58
7.68595014163121e+62
-9.54360504485414e+65
2.0442037295419e+69
-1.24470703768901e+72
7.23838765203821e+74
-2.09154938410803e+77
4.20717665327604e+79
-8.46585636136886e+81
-1.35865438903452e+98
2.47546327515226e+97
-9.75749130787413e+97
5.80146733362002e+96
7.80873403277134e+97
6.18221619859231e+97
-6.36830088843856e+97
1.29878134824171e+98
-4.82974764094418e+97
3.7272636930443e+97
1.17225654262016e+98
-3.2201271034072e+97
-6.62505119384763e+97
-1.14596013822093e+98
-1.66928793737599e+98
-2.04999794942091e+98
-2.12366305460261e+98
-1.85589153615264e+98
-1.36758583328579e+98
-8.48913108756992e+97
-4.43213501260408e+97
-1.9421715443452e+97
1.79098140988862e+98
6.12194866059758e+97
1.74853813229537e+97
-1.3120125215129e+98
-2.91920817041737e+97
1.92358244534858e+98
3.33005444758376e+97
-1.93660362696268e+98
-2.60111934085486e+97
1.34076842262775e+98
1.39083147782691e+97
-6.37777992282458e+97
2.76222586579501e+98
2.07759570337623e+97
-8.04110307092483e+97
2.94526621828526e+98
1.59750833905733e+97
-5.24720583781498e+97
1.63348581896748e+98
-8.85039162283164e+58
1.14420736635606e+63
-8.01739956793872e+65
2.76317732678137e+69
-1.65611919382306e+72
6.48579534883536e+74
-2.26182706141722e+77
3.32920349071227e+79
-8.40321284109147e+81
-1.34126146982804e+98
2.41915845997722e+97
-9.5793083464202e+97
5.04250470754336e+96
7.64538869507695e+97
6.06765592129256e+97
-6.21050478356737e+97
1.27496270569449e+98
-4.68838604829481e+97
3.6387518121074e+97
1.14373701925743e+98
-3.1377518756053e+97
-6.4510964478917e+97
-1.11505428594134e+98
-1.62301321132009e+98
-1.99154014448599e+98
-2.0613174736749e+98
-1.79975064306433e+98
-1.32491935750367e+98
-8.21571442334345e+97
-4.28461321299107e+97
-1.87529176355678e+97
1.72930791471417e+98
5.90358638984795e+97
1.68385404821308e+97
-1.26347691097899e+98
-2.80705339915565e+97
1.84967917380306e+98
3.19698545913449e+97
-1.85921691164841e+98
-2.49283801812337e+97
1.28495390442317e+98
1.33041024200589e+97
-6.10071296393941e+97
2.64222772738282e+98
1.98322892082899e+97
-7.67586685426779e+97
2.81148878586723e+98
1.52148591528238e+97
-4.99750111342042e+97
1.55575126620358e+98
-8.3615830138782e+58
9.20063048313435e+62
-1.02679162989234e+66
2.30625362130442e+69
-1.58584135284847e+72
7.96085383243731e+74
-1.75696155545095e+77
4.64879230299031e+79
-5.98348384128254e+81
-1.32431188632219e+98
2.36494418213735e+97
-9.40726260736671e+97
4.32271789522078e+96
7.48838066221828e+97
5.95741411965512e+97
-6.05959236024156e+97
1.25207679481071e+98
-4.55385670875048e+97
3.55434600387493e+97
1.11657215179699e+98
-3.05948584542551e+97
-6.28604260965325e+97
-1.085771595679e+98
-1.57923473983014e+98
-1.93632370950938e+98
-2.00252794341557e+98
-1.74690639549709e+98
-1.28483446441486e+98
-7.95935973656742e+97
-4.14659504937123e+97
-1.81286454031802e+97
1.67174036797471e+98
5.70026440726697e+97
1.62378479727658e+97
-1.21840403546365e+98
-2.7031973353483e+97
1.78124425518292e+98
3.07414232006718e+97
-1.78777707531489e+98
-2.39321132222446e+97
1.23360048775142e+98
1.27501997376987e+97
-5.84671596121625e+97
2.53222122607327e+98
1.89706191976654e+97
-7.34236699392486e+97
2.68933563653788e+98
1.45237013495576e+97
-4.77048208794689e+97
1.48507890651038e+98
-7.93439988186184e+58
9.53171621416732e+62
-1.06989613599155e+66
1.65558820924847e+69
-1.70366642976392e+72
6.93422769053515e+74
-2.00907296312418e+77
4.44272987699699e+79
-5.57355813436571e+81
-1.30778877302916e+98
2.3127146800917e+97
-9.24104903228686e+97
3.63972593298394e+96
7.33735691771393e+97
5.85124682335419e+97
-5.91513940551497e+97
1.23006757193488e+98
-4.42570029364391e+97
3.47376703871153e+97
1.09066766657677e+98
-2.98502903653845e+97
-6.1292235933404e+97
-1.0579874740242e+98
-1.53775584982973e+98
-1.88408633849684e+98
-1.94699867052281e+98
-1.69707671591356e+98
-1.24710374240283e+98
-7.71851834622989e+97
-4.01719085537569e+97
-1.75445957024763e+97
1.61788196210293e+98
5.51048059737526e+97
1.56785354640012e+97
-1.1764361036234e+98
-2.60675179983051e+97
1.71769243219766e+98
2.96038995911818e+97
-1.72162401301311e+98
-2.30124154998701e+97
1.1861938978098e+98
1.22405745252615e+97
-5.61302279141736e+97
2.43100834889688e+98
1.81807047973489e+97
-7.03663935590354e+97
2.57735480066371e+98
1.38926071600564e+97
-4.56319167638728e+97
1.42054818156427e+98
-9.44568951568099e+58
1.01056943968511e+63
-6.25552055745228e+65
2.13471964423103e+69
-1.67097412443666e+72
8.48128864289999e+74
-2.33620248860906e+77
3.65320083806307e+79
-7.70059368060501e+81
-1.29167611510292e+98
2.2623709276044e+97
-9.0803822105464e+97
2.99132237236842e+96
7.19198988479469e+97
5.74892825685063e+97
-5.77675531835925e+97
1.20888348139359e+98
-4.30349698103161e+97
3.39676044284312e+97
1.06593783880688e+98
-2.91410997573497e+97
-5.98003815314327e+97
-1.0315897604953e+98
-1.49839999900872e+98
-1.83459328335701e+98
-1.89446578071619e+98
-1.65001081423e+98
-1.21152572701583e+98
-7.49182348663695e+97
-3.89561864589848e+97
-1.69970026366395e+97
1.56738542286509e+98
5.33292641974732e+97
1.51564696528048e+97
-1.1372629734003e+98
-2.51695098764981e+97
1.65851908492232e+98
2.85475529632476e+97
-1.66019182647513e+98
-2.21607867187652e+97
1.14229597948302e+98
1.17701218472881e+97
-5.39729253977843e+97
2.33757524148919e+98
1.74539413535221e+97
-6.75535360256809e+97
2.47432645345382e+98
1.3314073260718e+97
-4.37316532173159e+97
1.3613918599927e+98
-9.9240005301795e+58
7.8859699884293e+62
-1.62636913909017e+66
1.46928418326856e+69
-1.32786836317717e+72
7.75890873433022e+74
-2.27962583703603e+77
4.13430339945867e+79
-7.2631094564497e+81
-1.27595869504625e+98
2.21382011832981e+97
-8.92499483357341e+97
2.37546015053871e+96
7.05197518858239e+97
5.65024916731534e+97
-5.64407986827958e+97
1.1884770112432e+98
-4.18686232916835e+97
3.32309381448368e+97
1.042304545068e+98
-2.84648238625646e+97
-5.83794218125826e+97
-1.006477214536e+98
-1.46100826456172e+98
-1.78763382763932e+98
-1.84469312655333e+98
-1.60548496712195e+98
-1.17792130311085e+98
-7.27806435974209e+97
-3.78118830465431e+97
-1.6482556180791e+97
1.51994551452869e+98
5.16645670130249e+97
1.46680499607702e+97
-1.1006144757024e+98
-2.43313109452941e+97
1.603286805837e+98
2.75639934132544e+97
-1.60299259776479e+98
-2.13699398563494e+97
1.10153111687378e+98
1.13344924627925e+97
-5.19753082222359e+97
2.25105813258259e+98
1.67830470803416e+97
-6.49569139804743e+97
2.37921830442811e+98
1.27817961200131e+97
-4.19833255319588e+97
1.30696539184862e+98
-8.52326129343955e+58
8.57784783445796e+62
-1.03334150936074e+66
1.80973907617832e+69
-1.55002169370783e+72
6.10779532860458e+74
-1.74773198809631e+77
3.87329627018369e+79
-6.06306919161646e+81
-1.26062204339663e+98
2.16697519634041e+97
-8.77463629218591e+97
1.79023797892943e+96
6.91702964970585e+97
5.55501533397992e+97
-5.51678032075644e+97
1.16880430096029e+98
-4.07544365503712e+97
3.25255448169719e+97
1.01969643908883e+98
-2.78192233099648e+97
-5.70244207823485e+97
-9.82558218199444e+97
-1.42543719868695e+98
-1.74301828819461e+98
-1.79746873901933e+98
-1.56329896260015e+98
-1.14613068947726e+98
-7.0761645054015e+97
-3.67328847850213e+97
-1.59983352300768e+97
1.47529286584897e+98
5.01006491394263e+97
1.42101253901954e+97
-1.06625417570112e+98
-2.35471388231514e+97
1.55161457042556e+98
2.66459486644322e+97
-1.54960340496764e+98
-2.06335921594831e+97
1.06357546003833e+98
1.09299579854325e+97
-5.01202795329945e+97
2.17071655441487e+98
1.61618182554582e+97
-6.25525165928421e+97
2.29115089307828e+98
1.22904414113385e+97
-4.03694124707013e+97
1.25672333055043e+98
-8.51496666132462e+58
8.03153597767292e+62
-1.04451294264443e+66
2.23546072423935e+69
-1.55729413932129e+72
5.90729097004738e+74
-2.15552912488249e+77
4.90102456300277e+79
-7.77768950102033e+81
-1.2456523930472e+98
2.12175442793316e+97
-8.62907140180445e+97
1.23388807704742e+96
6.78688948194585e+97
5.4630462363349e+97
-5.39454888204842e+97
1.14982479411324e+98
-3.96891684735283e+97
3.1849474522874e+97
9.98048232487639e+97
-2.7202257357547e+97
-5.57308902542395e+97
-9.59749659481297e+97
-1.39155698984207e+98
-1.70057545479827e+98
-1.75260181043406e+98
-1.52327309065597e+98
-1.11601089881672e+98
-6.88516367391177e+97
-3.57137565298278e+97
-1.55417521101638e+97
1.43318885306933e+98
4.86286280963071e+97
1.37799264801291e+97
-1.03397426715481e+98
-2.28119332268814e+97
1.50316893617063e+98
2.57870839698257e+97
-1.49965584857516e+98
-1.99462979055377e+97
1.02814830450611e+98
1.05533039197571e+97
-4.83930989694752e+97
2.09591209941221e+98
1.55849368370263e+97
-6.03197609626428e+97
2.20937031598557e+98
1.18354646359148e+97
-3.88749870813086e+97
1.21020099116714e+98
-8.90667252156994e+58
8.59156330174978e+62
-7.05445801429697e+65
1.864731838484e+69
-1.45236602689274e+72
5.78426734141584e+74
-1.64062351047062e+77
3.86448747745753e+79
-7.96647402851062e+81
-1.23103663689233e+98
2.07808101058033e+97
-8.48807924218544e+97
7.04765100438397e+95
6.66130867014578e+97
5.37417386175228e+97
-5.27710042277821e+97
1.13150093010039e+98
-3.86698355450399e+97
3.12009361410202e+97
9.77300065207714e+97
-2.6612062348383e+97
-5.44947401950174e+97
-9.37975967621188e+97
-1.35924988007974e+98
-1.66015039487803e+98
-1.70992011812518e+98
-1.48524558457442e+98
-1.08743358789437e+98
-6.70420255663571e+97
-3.4749649969869e+97
-1.5110506324264e+97
1.39342133467441e+98
4.72406354248549e+97
1.33750092570808e+97
-1.00359136675207e+98
-2.21212466685803e+97
1.45765684012716e+98
2.49818557525031e+97
-1.4528275398723e+98
-1.93033135053691e+97
9.95005137892013e+97
1.02017440741941e+97
-4.67809901978375e+97
2.02609142235816e+98
1.50478178575672e+97
-5.82409014745348e+97
2.133226592846e+98
1.14129701610955e+97
-3.74872536906409e+97
1.16700003676765e+98
-7.79218429566948e+58
8.44822568362223e+62
-1.27547493386969e+66
1.87836648924596e+69
-1.76477114888501e+72
6.46339055475709e+74
-1.96650078309834e+77
3.81045305378365e+79
-6.54518402916718e+81
-1.21676228851766e+98
2.03588271535432e+97
-8.35145209988159e+97
2.01336130775587e+95
6.54005750773345e+97
5.28824163577851e+97
-5.1641704455066e+97
1.11379786991352e+98
-3.76936869703531e+97
3.0578281507798e+97
9.57396952863752e+97
-2.60469329110662e+97
-5.33122355334316e+97
-9.17168276780083e+97
-1.32840879780068e+98
-1.62160256401854e+98
-1.66926781553216e+98
-1.44907043609668e+98
-1.06028322968619e+98
-6.53250986246794e+97
-3.38362265110254e+97
-1.47025457914485e+97
1.35580107695747e+98
4.59296760065957e+97
1.29932087840776e+97
-9.74943028666926e+97
-2.14711544227044e+97
1.41481966628509e+98
2.42253918331743e+97
-1.4088351355271e+98
-1.87004878792816e+97
9.63931989228056e+97
9.872851527385e+96
-4.52728243507048e+97
1.96077253010704e+98
1.4546487319602e+97
-5.63005572061833e+97
2.06215635653381e+98
1.10195994068364e+97
-3.61951806395669e+97
1.12677704523603e+98
-6.60955748678327e+58
6.88437994277667e+62
-3.62875535278477e+65
1.79846736996067e+69
-1.42517355068558e+72
6.50460260763037e+74
-2.08461230081995e+77
3.77333513064679e+79
-6.27507003299884e+81
-1.20281744568116e+98
1.99509155956237e+97
-8.21899450300073e+97
-2.77828387642345e+95
6.42292127585788e+97
5.20510346060672e+97
-5.05551326637159e+97
1.09668325161571e+98
-3.67581826186514e+97
2.99799914344089e+97
9.38288300256449e+97
-2.55053055052101e+97
-5.21799584717624e+97
-8.97263698596161e+97
-1.29893617247681e+98
-1.58480417368199e+98
-1.63050353102696e+98
-1.41461552222238e+98
-1.03445555262945e+98
-6.36939133019311e+97
-3.2969592008604e+97
-1.43160341979668e+97
1.32015874330257e+98
4.46895101702428e+97
1.26326004436812e+97
-9.478848394317e+97
-2.08581799129809e+97
1.37442832900824e+98
2.35133927761646e+97
-1.36742860032687e+98
-1.81341727493252e+97
9.34740804900276e+97
9.56450252941637e+96
-4.38588627810691e+97
1.89953364020672e+98
1.40774837099463e+97
-5.44853307499709e+97
1.99566889142916e+98
1.06524413828939e+97
-3.49892064315658e+97
1.08923436149983e+98
-8.7239607407102e+58
8.49225955229596e+62
-5.93265456559977e+65
1.69042354072696e+69
-1.57682662068164e+72
7.7931155146615e+74
-2.38281853985441e+77
4.49984002804123e+79
-7.33390908201274e+81
-1.18919075635552e+98
1.95564350668325e+97
-8.09052233902564e+97
-7.34062866600857e+95
6.30969904842506e+97
5.12462284916242e+97
-4.9509003849884e+97
1.08012697183644e+98
-3.58609734176038e+97
2.94046633334871e+97
9.19927471993952e+97
-2.498574397769e+97
-5.10947754992731e+97
-8.78204687433948e+97
-1.27074290370332e+98
-1.54963877620199e+98
-1.59349872557578e+98
-1.38176099299749e+98
-1.00985620252349e+98
-6.2142203466678e+97
-3.21462412778334e+97
-1.39493233656644e+97
1.28634234612165e+98
4.3514554393428e+97
1.22914674932694e+97
-9.22287983449113e+97
-2.02792325236442e+97
1.33627917516306e+98
2.28420501336546e+97
-1.32838645264013e+98
-1.76011487506523e+97
9.07265639993332e+97
9.27483059607144e+96
-4.25305465572422e+97
1.84200406388534e+98
1.36377779692405e+97
-5.27834984637152e+97
1.93333478802438e+98
1.03089605325161e+97
-3.38610027266055e+97
1.05411271938638e+98
-6.181646419385e+58
6.88995087056682e+62
8.52898436370902e+64
1.47429968115928e+69
-1.16807338928764e+72
5.7931447126544e+74
-1.4405590002081e+77
2.53696622859747e+79
-5.43857350633731e+81
-1.17587138712392e+98
1.91747819101181e+97
-7.96586204749682e+97
-1.16861403729717e+96
6.20020260927685e+97
5.04667214387825e+97
-4.85011902029745e+97
1.06410099010389e+98
-3.49998838888711e+97
2.88510002433167e+97
9.02271412549704e+97
-2.44869268486926e+97
-5.00538084371727e+97
-8.59938484833936e+97
-1.24374746163505e+98
-1.51600003404269e+98
-1.55813626904158e+98
-1.35039787882936e+98
-9.86399590886429e+97
-6.06642990354184e+97
-3.1363010715039e+97
-1.3600929760517e+97
1.25421508057514e+98
4.23997972653236e+97
1.19682737382983e+97
-8.98037192531978e+97
-1.97315554865624e+97
1.30019055018907e+98
2.22079783051035e+97
-1.29151180167494e+98
-1.70985642004604e+97
8.81359502081716e+97
9.00218869892796e+96
-4.12803230820666e+97
1.78785669689704e+98
1.32247080042639e+97
-5.1184757007672e+97
1.87477665916584e+98
9.98693809877339e+96
-3.28032817517728e+97
1.02118524619965e+98
-9.95957358292185e+58
9.10697612524238e+62
-1.07999092078558e+66
2.37590453820671e+69
-1.57513825402161e+72
8.10053655131342e+74
-2.08517769188067e+77
4.73739473611716e+79
-7.10033472700434e+81
-1.16284899374016e+98
1.88053866469318e+97
-7.84484988027062e+97
-1.58264773711682e+96
6.09425546944687e+97
4.97113181063807e+97
-4.75297079301693e+97
1.0485791532712e+98
-3.4172896557015e+97
2.83178010688862e+97
8.85280309241436e+97
-2.40076360906209e+97
-4.90544089517449e+97
-8.42416631868747e+97
-1.21787509967966e+98
-1.48379064592391e+98
-1.52430920190708e+98
-1.32042688322983e+98
-9.64007900144898e+97
-5.92550567489675e+97
-3.06170376793377e+97
-1.32695144352176e+97
1.2236534749659e+98
4.13407280422519e+97
1.16616404058062e+97
-8.7502901060788e+97
-1.92126819897835e+97
1.2659999059123e+98
2.16081574380455e+97
-1.2566290268528e+98
-1.66238840650794e+97
8.56891720693428e+97
8.74511793316569e+96
-4.01015024162647e+97
1.73680179685977e+98
1.28359247506197e+97
-4.96800145860021e+97
1.81966149371638e+98
9.68442414650304e+96
-3.18096387115599e+97
9.90252556857592e+97
-5.67747454263438e+58
6.52479616986504e+62
-8.57732106008033e+65
1.40525430993408e+69
-1.09222326433627e+72
5.14495857731263e+74
-1.80549905287924e+77
3.10721399853821e+79
-5.01507841396298e+81
-1.15011369368145e+98
1.84477116507208e+97
-7.72733122286341e+97
-1.97725508948612e+96
5.99169197388673e+97
4.89788979957476e+97
-4.65927053788863e+97
1.03353703766436e+98
-3.33781380019165e+97
2.78039518852515e+97
8.68917292579238e+97
-2.35467471992818e+97
-4.80941360605013e+97
-8.2559453991566e+97
-1.19305716343798e+98
-1.45292140697241e+98
-1.49191965484397e+98
-1.29175733280911e+98
-9.42610221292968e+97
-5.79098003769584e+97
-2.99057255355818e+97
-1.29538658340942e+97
1.19454580508482e+98
4.03332756484123e+97
1.13703264837925e+97
-8.53170318485718e+97
-1.87203980331029e+97
1.2335613529476e+98
2.10398853378761e+97
-1.22358098110397e+98
-1.61748471971533e+97
8.33745743063022e+97
8.50232140430325e+96
-3.89881375336748e+97
1.68858179708758e+98
1.24693474769705e+97
-4.82612179566667e+97
1.76769432033179e+98
9.39969804710499e+96
-3.08744219954101e+97
9.61138713375058e+97
-1.03927334475476e+59
8.94049169446559e+62
-1.47422745893582e+66
2.22945134159601e+69
-1.32850360692052e+72
7.05620743003174e+74
-2.52258718547254e+77
4.57466953492873e+79
-7.46942924845387e+81
-1.1376560405375e+98
1.8101249004982e+97
-7.61315997109359e+97
-2.35345813841546e+96
5.89235648832039e+97
4.82684096544208e+97
-4.56884523107123e+97
1.01895180689425e+98
-3.26138663564649e+97
2.73084181707053e+97
8.5314816923649e+97
-2.31032203870023e+97
-4.71707362291813e+97
-8.0943111184139e+97
-1.16923048243877e+98
-1.42331038378236e+98
-1.46087790314264e+98
-1.26430626113245e+98
-9.22141803888138e+97
-5.66242688856436e+97
-2.92267134589197e+97
-1.26528849948876e+97
1.16679072958424e+98
3.9373756382561e+97
1.10932119352657e+97
-8.32377074322913e+97
-1.82527108508872e+97
1.2027435799501e+98
2.05007367708278e+97
-1.19222662411653e+98
-1.57494303204919e+97
8.11817277699312e+97
8.2726423470859e+96
-3.79349239834063e+97
1.64296696094047e+98
1.21231265347982e+97
-4.69212082584201e+97
1.71861292674059e+98
9.13123573439042e+96
-2.99926256256058e+97
9.33687876701983e+97
-4.47687922353152e+58
5.45864613286395e+62
-3.09117029945836e+65
5.27565216122752e+68
-1.25193061839914e+72
4.58085296684063e+74
-1.6084845623623e+77
2.84334599049595e+79
-6.1673616789914e+81
-1.12546700009363e+98
1.77655185291902e+97
-7.50219795785051e+97
-2.71221499235071e+96
5.79610265798147e+97
4.75788654117329e+97
-4.48153301989199e+97
1.00480208354441e+98
-3.18784600781202e+97
2.68302378558085e+97
8.37941183574073e+97
-2.26760927525071e+97
-4.6282125718015e+97
-7.93888406824261e+97
-1.1463368333222e+98
-1.39488218832196e+98
-1.43110153676439e+98
-1.23799760694407e+98
-9.02543401674403e+97
-5.53945713586234e+97
-2.85778502610919e+97
-1.23655727664594e+97
1.14029611125168e+98
3.84588289147348e+97
1.08292833082644e+97
-8.12573233874336e+97
-1.78078219523976e+97
1.17342807713273e+98
1.99885288672523e+97
-1.16243901035137e+98
-1.53458175522537e+97
7.9101272337968e+97
8.05504569736496e+96
-3.69371153860078e+97
1.59975172194814e+98
1.17956121457883e+97
-4.56536002057736e+97
1.672183434938e+98
8.87768241546916e+96
-2.91597996228915e+97
9.07761516351488e+97
-8.24934687170404e+58
1.11522912619464e+63
-1.71462217648087e+66
2.93352983158261e+69
-1.91137596886765e+72
7.44646667721101e+74
-1.84417091800958e+77
4.05880673111951e+79
-8.22795427702521e+81
-1.11353792797805e+98
1.74400659576054e+97
-7.39431442536387e+97
-3.05442452583343e+96
5.70279273094298e+97
4.69093365901059e+97
-4.39718234376418e+97
9.91067833175932e+97
-3.11704078457732e+97
2.63685150900204e+97
8.23266804218277e+97
-2.22644713034697e+97
-4.54263748861842e+97
-7.78931343059831e+97
-1.12432246486899e+98
-1.36756733713931e+98
-1.40251472985137e+98
-1.21276151044178e+98
-8.83760699903986e+97
-5.42171476659033e+97
-2.79571716271167e+97
-1.20910187291535e+97
1.11497799529472e+98
3.75854554143013e+97
1.05776213521369e+97
-7.93689821280767e+97
-1.73841040106214e+97
1.14550761337749e+98
1.95012915844202e+97
-1.13410357129511e+98
-1.49623744940307e+97
7.71247833652509e+97
7.84860249754561e+96
-3.59904519232235e+97
1.55875158668861e+98
1.14853281151877e+97
-4.445268034941e+97
1.62819657470286e+98
8.63782970507999e+96
-2.83719749014294e+97
8.83236072334873e+97
-6.99565058211017e+58
6.28405362555862e+62
9.13704971965662e+64
5.37023576318234e+68
-8.71198881572306e+71
4.18861809476959e+74
-1.26064979783704e+77
3.02108232434675e+79
-5.18608161874976e+81
-1.10186054875474e+98
1.71244612574662e+97
-7.28938553882753e+97
-3.38093068210838e+96
5.61229693958077e+97
4.62589491425792e+97
-4.31565113645303e+97
9.7773025928808e+97
-3.04882994527833e+97
2.59224146409639e+97
8.09097532674584e+97
-2.18675267253424e+97
-4.46016942056771e+97
-7.6452743344707e+97
-1.10313767671929e+98
-1.34130168440138e+98
-1.37504759606189e+98
-1.1885336938927e+98
-8.65743812700536e+97
-5.30887340439255e+97
-2.73628802549655e+97
-1.18283915589622e+97
1.09075972076729e+98
3.67508678564263e+97
1.03373903211636e+97
-7.75664126467039e+97
-1.6980080973577e+97
1.11888492568873e+98
1.90372423861511e+97
-1.1071166429447e+98
-1.45976261122523e+97
7.52446576663376e+97
7.65247663999562e+96
-3.5091099548686e+97
1.51980050199254e+98
1.11909495874065e+97
-4.3313320981663e+97
1.58646453015686e+98
8.41059636885397e+96
-2.7625600017731e+97
8.60000986118026e+97
-9.7663067390244e+58
9.17687165306591e+62
-8.25525853724994e+65
2.03818776488034e+69
-1.38297954915483e+72
8.04736722289433e+74
-2.16080316337085e+77
4.37197118574674e+79
-7.22209734584296e+81
-1.09042693635346e+98
1.68182970744085e+97
-7.18729393765734e+97
-3.69252641511047e+96
5.52449293443884e+97
4.56268796728899e+97
-4.23680610106165e+97
9.64771708042647e+97
-2.98308175837199e+97
2.54911568526641e+97
7.95407731367903e+97
-2.14844878049755e+97
-4.38064217712185e+97
-7.50646550064171e+97
-1.08273644483206e+98
-1.31602591902839e+98
-1.34863561819304e+98
-1.16525491502842e+98
-8.48446840669486e+97
-5.20063328857747e+97
-2.67933284753068e+97
-1.15769306206661e+97
1.06757114532634e+98
3.59525387196231e+97
1.0107828703256e+97
-7.58439009470706e+97
-1.65944108857991e+97
1.09347158723116e+98
1.85947644532659e+97
-1.08138419862818e+98
-1.4250237776726e+97
7.34540157770192e+97
7.46591354945931e+96
-3.42355980900949e+97
1.48274860723944e+98
1.09112841367946e+97
-4.22309069504312e+97
1.5468182591295e+98
8.19501202801104e+96
-2.69174876467738e+97
8.37957034390948e+97
-7.14045225452774e+58
6.26859626253523e+62
-5.5224996991831e+65
1.28548790623401e+69
-9.14970039983092e+71
4.05025533488231e+74
-1.29263635538602e+77
2.65060417789341e+79
-5.15879087071764e+81
-1.07922949573804e+98
1.65211872941393e+97
-7.0879283210395e+97
-3.98995730512389e+96
5.43926526540086e+97
4.50123517994751e+97
-4.16052205013729e+97
9.52175581706422e+97
-2.91967303765968e+97
2.50740130987428e+97
7.82173468847076e+97
-2.11146364301359e+97
-4.30390121228452e+97
-7.37260713840859e+97
-1.06307608774478e+98
-1.29168511762644e+98
-1.32321914229195e+98
-1.14287048343428e+98
-8.31827480495856e+97
-5.09671861527655e+97
-2.6247002997376e+97
-1.1335938610886e+97
1.04534796680694e+98
3.51881554209467e+97
9.8882411570403e+96
-7.41962295441815e+97
-1.6225870998716e+97
1.06918702619236e+98
1.81723878634971e+97
-1.05682075451545e+98
-1.39189989434931e+97
7.17466178461863e+97
7.28823048147308e+96
-3.34208167617191e+97
1.44746030759637e+98
1.06452556244273e+97
-4.12012731786264e+97
1.50910520464178e+98
7.9902033074388e+96
-2.62447690837017e+97
8.17014912678513e+97
-8.27607934079502e+58
8.95845989818313e+62
-1.0146271088973e+66
1.85388796345125e+69
-1.96404727967192e+72
6.6511439369386e+74
-2.13462069842967e+77
4.13397547264344e+79
-6.60913744745407e+81
-1.06826094572182e+98
1.6232765710455e+97
-6.99118306476005e+97
-4.27392487875954e+96
5.35650490562993e+97
4.44146328291614e+97
-4.08668130419173e+97
9.39926259892177e+97
-2.85848846846536e+97
2.46703016747929e+97
7.69372380187615e+97
-2.07573030967117e+97
-4.22980262229554e+97
-7.24343906337573e+97
-1.04411696854071e+98
-1.26822834612638e+98
-1.2987429279066e+98
-1.12132983162287e+98
-8.1584667953901e+97
-4.99687519108779e+97
-2.57225114836021e+97
-1.11047751011956e+97
1.02403112779683e+98
3.44555979442115e+97
9.67799147749088e+96
-7.26186246819789e+97
-1.58733448218513e+97
1.04595767253398e+98
1.77687732792271e+97
-1.03334842097269e+98
-1.36028090615461e+97
7.01167909907891e+97
7.11880817384193e+96
-3.26439158814844e+97
1.41381261597831e+98
1.03918903600962e+97
-4.02206511056726e+97
1.47318733318376e+98
7.79538201014637e+96
-2.56048554013981e+97
7.97094026152561e+97
-5.46822185462627e+58
5.69149522173812e+62
-7.79252465802512e+65
1.39277809438047e+69
-1.50924477437376e+72
5.76037004469007e+74
-1.61317995843695e+77
3.15971055852691e+79
-5.15193018943033e+81
-1.05751430284726e+98
1.5952684790641e+97
-6.89695786660428e+97
-4.54508966067857e+96
5.27610881422874e+97
4.38330307101509e+97
-4.01517314270597e+97
9.28009027788073e+97
-2.79941999623075e+97
2.42793840812286e+97
7.5698354087984e+97
-2.04118628644702e+97
-4.15821224510772e+97
-7.11871900967397e+97
-1.0258222281449e+98
-1.24560830404867e+98
-1.27515574734015e+98
-1.10058613371123e+98
-8.00468329487918e+97
-4.90086835718193e+97
-2.52185707022247e+97
-1.08828508553958e+97
1.00356629160088e+98
3.37529192054513e+97
9.47649644022575e+96
-7.11067101440723e+97
-1.55358108259825e+97
1.02371621359726e+98
1.738269776166e+97
-1.01089607758043e+98
-1.33006653576623e+97
6.85593663317051e+97
6.95708363602052e+96
-3.19023138060266e+97
1.38169372099962e+98
1.01503051943975e+97
-3.92856225992351e+97
1.43893944660922e+98
7.60983498048685e+96
-2.49954041550227e+97
7.78121453124281e+97
-8.25651128835758e+58
6.09955391280127e+62
-1.03551730347267e+66
1.66992384495185e+69
-1.71735197269083e+72
4.47739578910224e+74
-1.61006368192644e+77
3.22141168498427e+79
-7.13654870291331e+81
-1.04698286625318e+98
1.56806145301355e+97
-6.80515741787904e+97
-4.80407398164441e+96
5.19797953400381e+97
4.32668912372771e+97
-3.94589330236712e+97
9.16410010660257e+97
-2.74236627090299e+97
2.39006616539809e+97
7.44987352706704e+97
-2.00777317099794e+97
-4.08900484978016e+97
-6.99822111357344e+97
-1.00815754617285e+98
-1.2237810061664e+98
-1.2524100277908e+98
-1.08059596565016e+98
-7.85658994018936e+97
-4.80848114818543e+97
-2.4733996045675e+97
-1.06696228147853e+97
9.83903379805055e+97
3.30783277727127e+97
9.28322039903248e+96
-6.96564667163227e+97
-1.52123325575052e+97
1.00240094269841e+98
1.70130423949099e+97
-9.89398653407868e+97
-1.30116522137014e+97
6.70696242381074e+97
6.80254389947361e+96
-3.11936582724027e+97
1.35100174577862e+98
9.91969723398237e+96
-3.83930801492208e+97
1.40624772413518e+98
7.43291538132909e+96
-2.4414290730836e+97
7.60031053116047e+97
-6.0695252143764e+58
7.26219869622959e+62
-1.02663414996401e+66
1.75737253914613e+69
-9.20158144719852e+71
5.15696761595604e+74
-1.83628857154184e+77
2.91614574347543e+79
-5.20944267275339e+81
-1.03666020345956e+98
1.54162413890996e+97
-6.71569109884708e+97
-5.05146456496729e+96
5.12202482109777e+97
4.27155954854557e+97
-3.8787435178762e+97
9.05116113996032e+97
-2.68723214128025e+97
2.35335725056482e+97
7.33365440302208e+97
-1.97543632319229e+97
-4.02206340548551e+97
-6.88173454852246e+97
-9.91090926067484e+97
-1.20270549705843e+98
-1.23046153111692e+98
-1.06131900181746e+98
-7.71387666133063e+97
-4.71951265543601e+97
-2.42676922345017e+97
-1.04645896615786e+97
9.64996163154764e+97
3.24301726172842e+97
9.09767053124568e+96
-6.82641965105785e+97
-1.49020499625284e+97
9.81955187438289e+97
1.66587814562119e+97
-9.68796497202591e+97
-1.27349318993154e+97
6.5643246558419e+97
6.65472058284648e+96
-3.05158014761886e+97
1.32164366856573e+98
9.69933492757689e+96
-3.75401923671946e+97
1.37500845866634e+98
7.26403516030966e+96
-2.38595836006997e+97
7.42762696519296e+97
-8.78963775273344e+58
7.64296768749815e+62
-1.09559750307143e+66
1.71551419421699e+69
-1.28842596120313e+72
6.02762291760367e+74
-1.7238861783983e+77
3.43590409169307e+79
-6.69286236497823e+81
-1.02654013700538e+98
1.51592673042145e+97
-6.62847269607384e+97
-5.28781491117115e+96
5.04815730358969e+97
4.21785574498463e+97
-3.81363110118367e+97
8.9411496872697e+97
-2.63392819416736e+97
2.31775887442318e+97
7.22100557242174e+97
-1.94412456697135e+97
-3.95727842115554e+97
-6.7690622942601e+97
-9.74592501694474e+97
-1.18234359465555e+98
-1.20926906669165e+98
-1.04271774351412e+98
-7.57625551466559e+97
-4.63377656862456e+97
-2.38186450532959e+97
-1.02672878841769e+97
9.46801898711654e+97
3.18069296231043e+97
8.91939264211659e+96
-6.69264914828034e+97
-1.46041717514469e+97
9.6232680657319e+97
1.63189729115035e+97
-9.4903482465772e+97
-1.24697364625042e+97
6.42762748194845e+97
6.51318515064414e+96
-2.98667783297238e+97
1.29353438110434e+98
9.48855031425702e+96
-3.67243739841763e+97
1.34512695788484e+98
7.10265852025835e+96
-2.33295228749063e+97
7.26261596931366e+97
-6.197804669244e+58
7.47503952332221e+62
-8.03237623051122e+65
1.43318839529917e+69
-1.24262101181564e+72
4.33410690775994e+74
-1.3094633651192e+77
2.70756167335125e+79
-4.76770308931861e+81
-1.01661673188012e+98
1.49094087696392e+97
-6.54342013987495e+97
-5.51364749872867e+96
4.97629416646076e+97
4.16552218735262e+97
-3.75046855546302e+97
8.83394881034249e+97
-2.58237033378977e+97
2.2832213940508e+97
7.11176500658051e+97
-1.91378992011923e+97
-3.89454734792796e+97
-6.66002002488582e+97
-9.58634362936643e+97
-1.16265965940109e+98
-1.18879423342575e+98
-1.02475727551744e+98
-7.44345874388419e+97
-4.55109987354614e+97
-2.33859139873841e+97
-1.00772882792875e+97
9.29281007294745e+97
3.12071896223086e+97
8.74796745297611e+96
-6.56402055813452e+97
-1.43179686612644e+97
9.43467746042107e+97
1.5992750050927e+97
-9.3006323197156e+97
-1.22153606126904e+97
6.29650735417723e+97
6.37754476432628e+96
-2.92447874369327e+97
1.26659586464709e+98
9.28673226094235e+96
-3.59432596771017e+97
1.31651658557483e+98
6.94829624103806e+96
-2.28225016515818e+97
7.10477730551304e+97
-7.84051537378954e+58
7.70156443219798e+62
-6.80184735373945e+65
1.59324333258068e+69
-1.31209847937355e+72
5.35708375128123e+74
-1.89523942385817e+77
2.95758890822687e+79
-5.17960449875805e+81
-1.00688428369424e+98
1.46663959816082e+97
-6.46045526022186e+97
-5.72945581694654e+96
4.90635686058605e+97
4.11450622454888e+97
-3.68917322053175e+97
8.7294478629354e+97
-2.53247939743424e+97
2.24969808184859e+97
7.00578033484785e+97
-1.88438734894016e+97
-3.83377403753522e+97
-6.55443510268673e+97
-9.43190398145188e+97
-1.14362038609023e+98
-1.16900118755958e+98
-1.0074050473658e+98
-7.31523704137288e+97
-4.4713216868062e+97
-2.29686256477888e+97
-9.89419283533696e+96
9.12396786082751e+97
3.06296477592235e+97
8.58300730933606e+96
-6.44024300462072e+97
-1.4042767494889e+97
9.2533364619189e+97
1.56793141078769e+97
-9.11835266605651e+97
-1.19711554574292e+97
6.17062979547048e+97
6.24743864122282e+96
-2.86481743968029e+97
1.24075646682673e+98
9.09332054490019e+96
-3.51946811658025e+97
1.28909792273866e+98
6.8005007260325e+96
-2.23370497462807e+97
6.95365329672509e+97
-5.39668304715923e+58
4.58063652762674e+62
-6.23517672181196e+65
1.7494313341525e+69
-1.03918293926199e+72
4.46212567530997e+74
-1.49411876041802e+77
2.71017943396243e+79
-4.50810446225412e+81
-9.97337307538415e+97
1.4429972041645e+97
-6.37950355961436e+97
-5.93570624550986e+96
4.83827083364709e+97
4.06475789535598e+97
-3.62966694677981e+97
8.62754206765115e+97
-2.48418080373899e+97
2.21714491463557e+97
6.90290813558158e+97
-1.85587454520545e+97
-3.77486825061927e+97
-6.45214566617033e+97
-9.28236151577058e+97
-1.12519461583055e+98
-1.14985643327029e+98
-9.90630676492497e+97
-7.19135798622559e+97
-4.39429221096803e+97
-2.25659678877325e+97
-9.71763194955257e+96
8.96115151985827e+97
3.00730940138507e+97
8.42415325452707e+96
-6.32104714511209e+97
-1.37779458348425e+97
9.07883493442194e+97
1.53779277292602e+97
-8.94308047545459e+97
-1.17365229756394e+97
6.04968655084575e+97
6.12253485020417e+96
-2.80754171096431e+97
1.21595026526765e+98
8.90780066058744e+96
-3.44766471134577e+97
1.26279803139752e+98
6.65886166763669e+96
-2.18718194547706e+97
6.80882439469761e+97
-8.85109082392216e+58
9.63859956396662e+62
-1.1045610034823e+66
1.9610860033425e+69
-1.49622649012686e+72
5.1972220515237e+74
-1.84882656002527e+77
3.40834693139313e+79
-6.21742728357538e+81
-9.87970527484747e+97
1.419989221381e+97
-6.30049400156425e+97
-6.1328397937934e+96
4.77196528106761e+97
4.01622975783971e+97
-3.57187579497513e+97
8.52813212677222e+97
-2.43740423045337e+97
2.18552038079154e+97
6.80301328867836e+97
-1.82821172304686e+97
-3.71774520968438e+97
-6.35299980217095e+97
-9.137486941814e+97
-1.10735316589069e+98
-1.13132863352116e+98
-9.7440577070425e+97
-7.07160463830784e+97
-4.31987179586428e+97
-2.21771845272917e+97
-9.5472619377669e+96
8.80404412010893e+97
2.9536404740008e+97
8.2710724223796e+96
-6.20618321395559e+97
-1.35229273440073e+97
8.91079310632789e+97
1.50879091846033e+97
-8.77441928528934e+97
-1.15109111282553e+97
5.9333930671397e+97
6.00252748418371e+96
-2.75251128113382e+97
1.19211650603732e+98
8.72969924945865e+96
-3.37873254381678e+97
1.23754980670593e+98
6.5230022433478e+96
-2.14255730586369e+97
6.66990529041282e+97
-5.49096025721387e+58
5.91199411294791e+62
-3.16499303321162e+65
1.2972400997824e+69
-1.24176334851229e+72
3.88753803757379e+74
-1.37855371102853e+77
2.20883021868213e+79
-5.74458305016923e+81
-9.78778866687325e+97
1.39759232318046e+97
-6.22335881345692e+97
-6.32127371179497e+96
4.70737291526035e+97
3.96887673161369e+97
-3.51572975958924e+97
8.43112386388221e+97
-2.39208331883554e+97
2.15478530367086e+97
6.70596838351535e+97
-1.80136143374579e+97
-3.66232519203071e+97
-6.25685479312436e+97
-8.9970650629922e+97
-1.0900686754828e+98
-1.11338843890641e+98
-9.58703767822234e+97
-6.95577427048306e+97
-4.24793009369745e+97
-2.18015706141047e+97
-9.38276280164204e+96
8.65235057365088e+97
2.90185350936008e+97
8.12345570909203e+96
-6.09541927556074e+97
-1.32771775787408e+97
8.74885881132757e+97
1.4808627218277e+97
-8.61200198675843e+97
-1.12938095221495e+97
5.82148625793975e+97
5.88713415874493e+96
-2.69959666030789e+97
1.16919910686695e+98
8.55858006726406e+96
-3.31250277048236e+97
1.21329140526255e+98
6.39257576819412e+96
-2.09971718297849e+97
6.53654149112376e+97
-8.79160126264517e+58
7.17064716741897e+62
-1.21196552848448e+66
2.49543728025964e+69
-1.41776462034212e+72
4.91577746268451e+74
-1.64265538459511e+77
3.34123501248459e+79
-6.87955539785667e+81
-9.6975743804228e+97
1.37578426521142e+97
-6.14803330266719e+97
-6.50140298342531e+96
4.64442975163741e+97
3.92265595184861e+97
-3.4611625135275e+97
8.33642789345855e+97
-2.34815540216308e+97
2.12490267970819e+97
6.61165317684841e+97
-1.77528839660566e+97
-3.60853315855833e+97
-6.16357643166698e+97
-8.86089371014232e+97
-1.07331546576484e+98
-1.09600833252519e+98
-9.43499790580692e+97
-6.84367722341623e+97
-4.17834529717603e+97
-2.1438468157643e+97
-9.2238362227947e+96
8.50579578482995e+97
2.8518512243668e+97
7.98101569002061e+96
-5.98853966126527e+97
-1.30402002503446e+97
8.59270502493647e+97
1.45394964630278e+97
-8.45548815760068e+97
-1.10847455556357e+97
5.71372251675102e+97
5.7760937938365e+96
-2.6486781279125e+97
1.14714621659026e+98
8.39404041650759e+96
-3.24881953173275e+97
1.1899657393637e+98
6.26726274088542e+96
-2.05855663281675e+97
6.40840629997935e+97
-6.61374311522926e+58
5.22226617426363e+62
-2.16702023020502e+65
1.10795771055374e+69
-7.02495330305944e+71
4.49634971000712e+74
-1.29619434366272e+77
2.44257984491936e+79
-5.0955249679606e+81
-9.60901535370731e+97
1.35454382497018e+97
-6.07445568490482e+97
-6.67360171188655e+96
4.58307490998448e+97
3.87752663401646e+97
-3.40811117236308e+97
8.24395931591205e+97
-2.3055612561005e+97
2.09583752980953e+97
6.51995409581729e+97
-1.74995934430105e+97
-3.55629841480758e+97
-6.07303839563784e+97
-8.72878277043397e+97
-1.05706941255617e+98
-1.07916248916041e+98
-9.28770515115887e+97
-6.73513586934765e+97
-4.11100345131881e+97
-2.10872622827451e+97
-9.07020375736908e+96
8.36412298538266e+97
2.80354292733898e+97
7.84348475184893e+96
-5.8853435678106e+97
-1.28115338798574e+97
8.44202766020306e+97
1.4279973344686e+97
-8.30456168046479e+97
-1.08832809842877e+97
5.60987594681822e+97
5.66916464185534e+96
-2.59964482844034e+97
1.12590982351551e+98
8.2357079826484e+96
-3.1875387273459e+97
1.16752002849275e+98
6.14676823069878e+96
-2.01897878186985e+97
6.28519814405878e+97
-7.82050672888411e+58
9.17917848795367e+62
-1.26643751430878e+66
2.13238302775963e+69
-1.54880175612114e+72
6.46164786380453e+74
-1.72999284356594e+77
3.5451178559388e+79
-6.40811514353251e+81
-9.52206625090654e+97
1.33385074530592e+97
-6.00256692385448e+97
-6.83822440597095e+96
4.5232504299307e+97
3.83344994845808e+97
-3.35651607636376e+97
8.15363743580624e+97
-2.26424486890556e+97
2.06755676277396e+97
6.43076378173916e+97
-1.72534288127848e+97
-3.5055543010161e+97
-5.985121677363e+97
-8.60055330186244e+97
-1.04130783043956e+98
-1.0628266472467e+98
-9.14494051583233e+97
-6.62998367292848e+97
-4.04579783074894e+97
-2.07473777551116e+97
-8.92160520807141e+96
8.22709223319967e+97
2.75684396906141e+97
7.7106134145984e+96
-5.78564379826428e+97
-1.25907487987263e+97
8.29654359133042e+97
1.40295524177592e+97
-8.1589286118609e+97
-1.06890088545553e+97
5.50973678053207e+97
5.5661225307704e+96
-2.55239396581942e+97
1.10544540650527e+98
8.08323802172576e+96
-3.12852692798861e+97
1.14590540062867e+98
6.03081956010916e+96
-1.98089406595764e+97
6.16663820481146e+97
-4.63593310447914e+58
3.78184394629011e+62
-1.24961930073756e+65
6.51247920669243e+68
-8.43079657198468e+71
4.26251854377785e+74
-1.31039979406354e+77
2.88126959589435e+79
-5.31194038274515e+81
-9.4366833834622e+97
1.31368568156918e+97
-5.93231058125568e+97
-6.9956071753039e+96
4.46490109936416e+97
3.79038890394992e+97
-3.30632058876978e+97
8.06538550121787e+97
-2.22415322966592e+97
2.0400290496247e+97
6.34398067083773e+97
-1.70140935394151e+97
-3.45623790833559e+97
-5.8997140618006e+97
-8.47603672465668e+97
-1.02600936707885e+98
-1.04697799229266e+98
-9.00649835617455e+97
-6.52806433867451e+97
-3.98262837532057e+97
-2.04182758374644e+97
-8.77779715364369e+96
8.09447905627262e+97
2.71167524779995e+97
7.58216882134409e+96
-5.6892656287801e+97
-1.23774444543408e+97
8.15598887818428e+97
1.37877630799311e+97
-8.01831527146599e+97
-1.05015507600291e+97
5.41310996514738e+97
5.46675929541702e+96
-2.50683008406904e+97
1.08571162342731e+98
7.93631085469456e+96
-3.07166040542662e+97
1.12507653703467e+98
5.91916424483801e+96
-1.94421955361266e+97
6.05246831171235e+97
-5.68007020695672e+58
7.8446823517648e+62
-1.16263895827791e+66
2.12370463672432e+69
-1.56374262156474e+72
6.36914720839167e+74
-1.89257369334918e+77
3.63411606280816e+79
-5.78342405910277e+81
-9.35282463565471e+97
1.2940301521358e+97
-5.86363267664082e+97
-7.14606884182984e+96
4.40797429474873e+97
3.74830823952419e+97
-3.25747090893152e+97
7.97913046240289e+97
-2.18523613294309e+97
2.01322470784658e+97
6.25950860846564e+97
-1.6781307314917e+97
-3.40828981866795e+97
-5.81670964873507e+97
-8.35507408191929e+97
-1.01115390671691e+98
-1.03159505057955e+98
-8.87218529503991e+97
-6.42923103585909e+97
-3.92140117780081e+97
-2.00994514402294e+97
-8.63855161829525e+96
7.96607322570391e+97
2.66796276218884e+97
7.45793337640182e+96
-5.59604578676333e+97
-1.21712469848814e+97
8.02011716826267e+97
1.35541666205315e+97
-7.88246652565136e+97
-1.03205543814273e+97
5.31981389474875e+97
5.3708813738611e+96
-2.46286442364997e+97
1.06667003238879e+98
7.7946296301443e+96
-3.01682426660962e+97
1.10499135509397e+98
5.81156815856594e+96
-1.90887834325817e+97
5.94244906564128e+97
-2.71917388483826e+58
4.34682233436075e+62
-2.90695092206451e+65
6.94248245761161e+68
-6.06100040997547e+71
2.54865963657695e+74
-1.11634698093893e+77
2.37252789249502e+79
-4.19863562975624e+81
-9.27044939419275e+97
1.27486649206024e+97
-5.79648155601592e+97
-7.28991197418442e+96
4.35241983239312e+97
3.70717432386622e+97
-3.20991589904995e+97
7.89480274811259e+97
-2.14744599836562e+97
1.98711559463038e+97
6.17725649373978e+97
-1.6554804964187e+97
-3.36165386585885e+97
-5.7360084147428e+97
-8.23751536268019e+97
-9.96722481936752e+97
-1.01665759209465e+98
-8.74181932062815e+97
-6.33334569276143e+97
-3.86202801809067e+97
-1.9790430535047e+97
-8.50365486579433e+96
7.84167764367218e+97
2.62563720667493e+97
7.33770351523279e+96
-5.50583152787012e+97
-1.19718070325903e+97
7.8886982557728e+97
1.33283535640313e+97
-7.75114424258295e+97
-1.01456912766583e+97
5.22967927111923e+97
5.27830854891786e+96
-2.42041434437664e+97
1.04828484179866e+98
7.65791832245219e+96
-2.96391167887847e+97
1.08561072452132e+98
5.70781389423392e+96
-1.8747990249579e+97
5.83635816327816e+97
-7.48198804200396e+58
9.2302270178167e+62
-1.08984787874907e+66
1.56622085674036e+69
-1.67613358423009e+72
5.60542583920463e+74
-1.82617116353715e+77
3.21658607228095e+79
-6.37315316958842e+81
-9.18951848156475e+97
1.25617780963261e+97
-5.73080776882812e+97
-7.4274238510097e+96
4.29818982980805e+97
3.66695506167585e+97
-3.16360692338255e+97
7.81233605806515e+97
-2.11073770385884e+97
1.96167500831707e+97
6.09713795182856e+97
-1.63343354374013e+97
-3.31627691623085e+97
-5.65751581112012e+97
-8.12321888130247e+97
-9.82697192872086e+97
-1.00214654177695e+98
-8.61522896361634e+97
-6.24027835313652e+97
-3.80442593912601e+97
-1.94907678032558e+97
-8.37290630480335e+96
7.72110733398185e+97
2.58463360486706e+97
7.2212885914383e+96
-5.4184798008654e+97
-1.17787977685622e+97
7.76151678008564e+97
1.31099412747218e+97
-7.62412589921431e+97
-9.97665489179264e+96
5.14254807847915e+97
5.18887281760935e+96
-2.37940280699675e+97
1.03052268583885e+98
7.52591993696415e+96
-2.91282317530021e+97
1.06689821292364e+98
5.60769929779639e+96
-1.84191519880974e+97
5.73398889783421e+97
-5.8700709197327e+58
5.63734737289324e+62
-5.36800867560804e+65
8.7385506819277e+68
-8.93481277492706e+71
3.88309503836304e+74
-1.06595429409262e+77
2.45174200705847e+79
-4.45363875827912e+81
-9.10999409291906e+97
1.23794794563182e+97
-5.66656395261832e+97
-7.5588773587355e+96
4.24523857636478e+97
3.62761980643546e+97
-3.11849769888481e+97
7.73166717022117e+97
-2.07506843132866e+97
1.93687759731657e+97
6.01907103141302e+97
-1.61196608818622e+97
-3.27210866665319e+97
-5.58114239437534e+97
-8.01205070784269e+97
-9.69061133143677e+97
-9.88043898256283e+97
-8.49225254476164e+97
-6.14990658859959e+97
-3.74851686017147e+97
-1.92000444948155e+97
-8.24611749366689e+96
7.60418852432352e+97
2.5448909767107e+97
7.10850986804467e+96
-5.33385649073465e+97
-1.15919131055613e+97
7.63837104808943e+97
1.28985717931021e+97
-7.50120332303028e+97
-9.81315876760496e+96
5.05827265903286e+97
5.10241737363923e+96
-2.33975790659593e+97
1.01335242238116e+98
7.39839489764817e+96
-2.86346603062712e+97
1.04881985722844e+98
5.51103615361849e+96
-1.81016504314877e+97
5.63514881484229e+97
-7.79117859547079e+58
8.18809474133063e+62
-9.00688773807164e+65
1.73002754441257e+69
-1.36542019889118e+72
4.93211734716054e+74
-1.73353537193082e+77
2.83781646592202e+79
-5.94967255122524e+81
-9.0318397362561e+97
1.22016143508392e+97
-5.60370472480684e+97
-7.68453182887238e+96
4.19352241253717e+97
3.589139279078e+97
-3.07454415635295e+97
7.65273576164001e+97
-2.04039752373233e+97
1.91269927584764e+97
5.94297792509431e+97
-1.59105557860803e+97
-3.22910145853492e+97
-5.50680348624916e+97
-7.90388414455047e+97
-9.5579832187723e+97
-9.74332659358037e+97
-8.37273748603336e+97
-6.06211496133796e+97
-3.69422722371648e+97
-1.89178664760223e+97
-8.12311123426829e+96
7.49075781066938e+97
2.50635203590245e+97
6.99919960185273e+96
-5.25183573162681e+97
-1.14108660783095e+97
7.51907196689677e+97
1.26939098782404e+97
-7.3821815535755e+97
-9.65493491961293e+96
4.97671487794618e+97
5.01879568992016e+96
-2.30141245188254e+97
9.96744950774771e+97
7.27511959593768e+96
-2.81575369964247e+97
1.03134395796306e+98
5.41764900352991e+96
-1.77949092665136e+97
5.53965850461428e+97
-2.54392344164311e+58
4.89198862007909e+62
1.62300742470158e+64
1.28460262478218e+69
-8.04799902924447e+71
3.8195817176067e+74
-1.3755279854301e+77
2.19171583127386e+79
-4.89949619788741e+81
-8.95502017573087e+97
1.20280347134998e+97
-5.54218658110452e+97
-7.80463381942627e+96
4.14299961707193e+97
3.55148549209353e+97
-3.03170431121992e+97
7.57548424180774e+97
-2.00668635257192e+97
1.88911714591057e+97
5.86878471074242e+97
-1.57068061896161e+97
-3.18721010629551e+97
-5.43441886054655e+97
-7.79859924420564e+97
-9.42893641228092e+97
-9.60996753725315e+97
-8.25653967910276e+97
-5.97679453219248e+97
-3.64148767261565e+97
-1.86438624468755e+97
-8.00372074579166e+96
7.3806613953538e+97
2.46896291438683e+97
6.89320021098672e+96
-5.17229928222552e+97
-1.12353873732202e+97
7.40344207502667e+97
1.24956412335899e+97
-7.26687781067155e+97
-9.5017323723432e+96
4.89774536782132e+97
4.93787068986089e+96
-2.2643035851739e+97
9.80673047261699e+97
7.15588508227274e+96
-2.76960531073599e+97
1.01444089376331e+98
5.32737408394587e+96
-1.74983905921991e+97
5.44735051542445e+97
-8.10760061227107e+58
8.8843822513284e+62
-9.57789710271863e+65
1.57748598093978e+69
-1.27535544205956e+72
5.51785993242972e+74
-1.69041326075607e+77
2.8654047227303e+79
-5.76358018980972e+81
-8.87950137787815e+97
1.18585987238154e+97
-5.48196780008236e+97
-7.91941784465352e+96
4.09363030148845e+97
3.51463167865382e+97
-2.98993814323371e+97
7.49985759743069e+97
-1.97389819493843e+97
1.86610942496122e+97
5.79642111197883e+97
-1.55082089528627e+97
-3.1463917390151e+97
-5.36391245434532e+97
-7.69608236644319e+97
-9.3033277889927e+97
-9.48020977980375e+97
-8.14352290569536e+97
-5.8938424097009e+97
-3.59023275449387e+97
-1.83776823111426e+97
-7.88778891028783e+96
7.27375439136835e+97
2.43267291114893e+97
6.79036351695422e+96
-5.09513595702981e+97
-1.10652239917322e+97
7.29131466162184e+97
1.23034708965106e+97
-7.15512055783781e+97
-9.3533158309616e+96
4.82124284397748e+97
4.85951399755414e+96
-2.22837243856327e+97
9.6511121606214e+97
7.0404958842324e+96
-2.72494520847504e+97
9.9808295382805e+97
5.24005836750968e+96
-1.72115917719885e+97
5.35806837356851e+97
