-8.03193615050189e+98
-3.0598371564263e+97
8.12510269061647e+97
-2.04752026986123e+98
4.89764212840104e+98
1.25734843030979e+97
-2.71036155025236e+97
5.54773452264172e+97
-1.07828319482736e+98
1.99007973100942e+98
-3.48738451980953e+98
5.80191218117819e+98
-9.16247966434458e+98
-1.26559884324774e+97
1.79925500478286e+97
-2.42610577319018e+97
3.10155796237388e+97
-3.75758612140903e+97
4.31195077821662e+97
-4.68404080330548e+97
4.81352020207056e+97
-4.67603574726319e+97
4.29046903501612e+97
-3.71484389953198e+97
3.03204720025639e+97
-2.33018689296611e+97
1.68402405152341e+97
-1.14284900705479e+97
-7.90835535295766e+98
4.70974610953095e+98
-2.61979929138323e+98
1.35810004842087e+98
-6.54488464511029e+97
2.92382361594738e+97
-1.20694076508812e+97
-4.07683637981566e+98
1.420585518746e+98
-4.51606318755461e+97
1.30234229765818e+97
2.50193004167995e+98
-5.81119588919171e+97
-7.45646635260841e+98
1.34027309086726e+98
-2.07379969540219e+97
-1.4444825728035e+98
1.54620707320586e+97
6.01279053988818e+97
1.50634366981118e+98
2.17909299794076e+98
1.37523683448796e+98
-7.41478644811932e+98
-2.80511016613165e+97
7.44869953858791e+97
-1.87706709911478e+98
4.48992023781166e+98
1.14314861224093e+97
-2.46419043725268e+97
5.04385626079172e+97
-9.8034707879282e+97
1.80932877553736e+98
-3.17063931887556e+98
5.27494758359279e+98
-8.33028794413451e+98
-1.13914172765555e+97
1.61947557878756e+97
-2.18369212517379e+97
2.79165387682725e+97
-3.38213240682143e+97
3.88110551991039e+97
-4.21601666565403e+97
4.33255856337125e+97
-4.20881134350119e+97
3.8617699835535e+97
-3.34366064686818e+97
2.72908823146467e+97
-2.09735704098763e+97
1.51575809970827e+97
-1.02865669653629e+97
-7.19006910924064e+98
4.28197749186536e+98
-2.38185269650595e+98
1.23474887446066e+98
-5.95043706109678e+97
2.65826353893556e+97
-1.09731879120935e+97
-3.73744370776382e+98
1.30232314011474e+98
-4.14010522902299e+97
1.19392353061788e+97
2.30968795849519e+98
-5.36467799881248e+97
-6.92450776671781e+98
1.24465543186154e+98
-1.92585082213422e+97
-1.34831026463958e+98
1.44326203085685e+97
5.63752279678145e+97
1.41786952139636e+98
2.05822798348618e+98
1.30298026398687e+98
-6.88570239867911e+98
-2.58953210296308e+97
6.87625264424787e+97
-1.73281084685292e+98
4.14486106983365e+98
1.04796469477175e+97
-2.25901033894896e+97
4.6238809609367e+97
-8.98718734901029e+97
1.65867546017871e+98
-2.90663677070352e+98
4.83573022210775e+98
-7.63666822063401e+98
-1.03565815624033e+97
1.47235679991152e+97
-1.98531793144708e+97
2.53805028810332e+97
-3.07488764681575e+97
3.52853224991134e+97
-3.83301884337824e+97
3.93897361767512e+97
-3.82646798903318e+97
3.51095305812719e+97
-3.03991058379936e+97
2.48116809290832e+97
-1.90682560402604e+97
1.37806118281264e+97
-9.3520981359341e+96
-6.59138822445136e+98
3.9254387292523e+98
-2.18352776319381e+98
1.13193751539518e+98
-5.45497389920589e+97
2.43692319512614e+97
-1.00595052097052e+97
-3.45021251344157e+98
1.20223658438001e+98
-3.82192850301168e+97
1.10216771883336e+97
2.14487850994552e+98
-4.9818774967451e+97
-6.46339103017128e+98
1.16177134408158e+98
-1.79760456174528e+97
-1.2641437171249e+98
1.35316823122927e+97
5.30634181543302e+97
1.33921095362595e+98
1.95006506379571e+98
1.2379369591906e+98
-6.42709054952085e+98
-2.40472243274649e+97
6.38550828924558e+97
-1.60914358714417e+98
3.84905052793962e+98
9.67412402556897e+96
-2.08537043113687e+97
4.26846408342993e+97
-8.29638267185111e+97
1.53118051592449e+98
-2.68321660212981e+98
4.46402921144219e+98
-7.04967151406381e+98
-9.49409400992945e+96
1.34974012726473e+97
-1.81998225434926e+97
2.32668348090581e+97
-2.81881342238344e+97
3.2346788268984e+97
-3.51380797874682e+97
3.61093888599812e+97
-3.50780260768608e+97
3.2185634938367e+97
-2.78674906216649e+97
2.27453821586473e+97
-1.74802653750631e+97
1.263297226949e+97
-8.57326198048516e+96
-6.08473657847399e+98
3.62370711885202e+98
-2.01568934934157e+98
1.04493032558588e+98
-5.03567337645721e+97
2.24960731095459e+97
-9.28627391630344e+96
-3.203976626639e+98
1.11643496571914e+98
-3.54916381976805e+97
1.02350783426003e+97
2.00202126078377e+98
-4.65006505301637e+97
-6.0598493782769e+98
1.08923617335282e+98
-1.68537114627456e+97
-1.18986704419509e+98
1.27366078089553e+97
5.01191017232974e+97
1.26882048085399e+98
1.85270199607462e+98
1.17907821804432e+98
-6.02575090167039e+98
-2.24453316214312e+97
5.96014105847373e+97
-1.50195132389693e+98
3.59264798005767e+98
8.98358966666939e+96
-1.93651766033325e+97
3.96378305606189e+97
-7.70419055530616e+97
1.42188551349712e+98
-2.49168973512245e+98
4.14538864871102e+98
-6.54646880288185e+98
-8.76421065163125e+96
1.24597530592764e+97
-1.68006631758089e+97
2.14781353150312e+97
-2.60210965882029e+97
2.9860042812641e+97
-3.24367460973804e+97
3.33333829237837e+97
-3.23813086617985e+97
2.97112776290594e+97
-2.57251020866459e+97
2.09967693797444e+97
-1.61364225763192e+97
1.1661778190951e+97
-7.91416911080691e+96
-5.65040977811357e+98
3.36504789240586e+98
-1.87180998064802e+98
9.7034347110052e+97
-4.67622829290786e+97
2.08903090095055e+97
-8.62342194313863e+96
-2.9905445175322e+98
1.04206392087198e+98
-3.31273711209065e+97
9.55327096687374e+96
1.87700436473148e+98
-4.35969014036937e+97
-5.70373386242705e+98
1.02522568201004e+98
-1.58632793857052e+97
-1.12383394094417e+98
1.20297743702654e+97
4.74843298724316e+97
1.20545964731163e+98
1.76459828622642e+98
1.1255620554518e+98
-5.67158615860951e+98
-2.10435187717874e+97
5.58790312362945e+97
-1.40814761100378e+98
3.36827068259176e+98
8.38506336391137e+96
-1.80749830712289e+97
3.69969829681381e+97
-7.19090323240199e+97
1.32715318531351e+98
-2.32568227623257e+98
3.86920437328917e+98
-6.11031380710343e+98
-8.13853475371687e+96
1.1570252760386e+97
-1.56012656951818e+97
1.9944813466247e+97
-2.41634530280871e+97
2.77283370552336e+97
-3.01210895149318e+97
3.09537153028062e+97
-3.00696093490038e+97
2.7590191462514e+97
-2.38885885806103e+97
1.94978111440566e+97
-1.49844441472579e+97
1.08292443451289e+97
-7.34917687469894e+96
-5.27395363243781e+98
3.14085299115158e+98
-1.74710141766749e+98
9.05694735116131e+97
-4.36467647623985e+97
1.94985005268266e+97
-8.04888986345117e+96
-2.80377065891858e+98
9.76982022429584e+97
-3.10584074765665e+97
8.9566232063455e+96
1.76668248442183e+98
-4.10344712836195e+97
-5.38714833652699e+98
9.68320565723825e+97
-1.49827885360984e+97
-1.0647442712815e+98
1.1397265039335e+97
4.51127283034557e+97
1.14812555950166e+98
1.68449310539882e+98
1.07669268192533e+98
-5.35674074608757e+98
-1.98065051891067e+97
5.25942605908598e+97
-1.32537161042737e+98
3.17027153846004e+98
7.86130544117959e+96
-1.6945961561545e+97
3.46860322463826e+97
-6.74173619641769e+97
1.24425490137563e+98
-2.18041261520738e+98
3.62752128504493e+98
-5.72864369103573e+98
-7.59623713000114e+96
1.07992882845592e+97
-1.45617013052219e+97
1.86158238744054e+97
-2.2553361237927e+97
2.58807049456457e+97
-2.81140201143326e+97
2.88911650797357e+97
-2.80659699213703e+97
2.57517638632882e+97
-2.2296811157078e+97
1.81986059701269e+97
-1.39859798260444e+97
1.01076550249266e+97
-6.85947623255336e+96
-4.94452480719372e+98
2.94466476859061e+98
-1.63797158957607e+98
8.49121993054587e+97
-4.0920440712229e+97
1.82805583751706e+97
-7.54612900317392e+96
-2.63895431272706e+98
9.19551284140187e+97
-2.92326754185542e+97
8.4301185788288e+96
1.66860858962483e+98
-3.87565233477118e+97
-5.10385727587827e+98
9.17400011014803e+97
-1.41948966034415e+97
-1.01155763091504e+98
1.08279430886809e+97
4.29667450114549e+97
1.09599742504245e+98
1.61134458523242e+98
1.03189009530572e+98
-5.07501144252646e+98
-1.87068442854901e+97
4.96742168437802e+97
-1.25178670485397e+98
2.99425738068133e+98
7.39912983546879e+96
-1.59496879629403e+97
3.2646798156642e+97
-6.34538126454654e+97
1.17110362245941e+98
-2.05222345599681e+98
3.41425479039773e+98
-5.39184955661611e+98
-7.1216928174357e+96
1.01246461947172e+97
-1.36520175192495e+97
1.7452874970593e+97
-2.11444303702486e+97
2.42639114837904e+97
-2.63577090886192e+97
2.70863048917766e+97
-2.63126603765181e+97
2.41430249968751e+97
-2.09039066003206e+97
1.70617203973778e+97
-1.31122612688943e+97
9.47621936921845e+96
-6.43095763564125e+96
-4.65382959859767e+98
2.77154398698408e+98
-1.54167304166072e+98
7.99200968205403e+97
-3.85146727677921e+97
1.72058196038935e+97
-7.10248183681145e+96
-2.49243853733035e+98
8.68497433777664e+97
-2.76096656290202e+97
7.96207500501472e+96
1.58085036474188e+98
-3.67181759781021e+97
-4.84887105230605e+98
8.71567149910748e+97
-1.34857263790933e+97
-9.63431576638814e+97
1.03127908121297e+97
4.10156476912733e+97
1.04839701819842e+98
1.54428426635204e+98
9.90666958711926e+97
-4.82143465339216e+98
-1.77228635060149e+97
4.70613505888671e+97
-1.18594265260527e+98
2.83675924840544e+98
6.98827886490254e+96
-1.50640506353247e+97
3.08340212207808e+97
-5.99304159367823e+97
1.10607580248132e+98
-1.9382697210449e+98
3.2246715727761e+98
-5.09245646665856e+98
-6.70295132528933e+96
9.52933691689234e+96
-1.28493056820058e+97
1.64266800937575e+97
-1.99011791683546e+97
2.28372407795265e+97
-2.48079270533291e+97
2.5493682727323e+97
-2.47655269013672e+97
2.27234617848944e+97
-1.96747972095281e+97
1.60585240806119e+97
-1.23412854982353e+97
8.91903584249051e+96
-6.05282963652266e+96
-4.39541618605005e+98
2.61764832498964e+98
-1.45606847982849e+98
7.54823690301245e+97
-3.63760661969048e+97
1.62504309575692e+97
-6.70810185004816e+96
-2.36133571766691e+98
8.2281427327499e+97
-2.61573909111505e+97
7.54326801551019e+96
1.50186164237993e+98
-3.48835165667369e+97
-4.61814957934507e+98
8.30095791208981e+97
-1.28440415306697e+97
-9.19676683074795e+97
9.84442844173185e+96
3.92340429159502e+97
1.004759015878e+98
1.48258246359948e+98
9.52610806199156e+97
-4.59199150375368e+98
-1.68372218681734e+97
4.47096145000868e+97
-1.1266790638008e+98
2.69500150294969e+98
6.62065308977328e+96
-1.4271590284161e+97
2.92119646717403e+97
-5.67777121945019e+97
1.04788949373392e+98
-1.83630494468712e+98
3.05503421813397e+98
-4.82456223102854e+98
-6.330716500553e+96
9.00014445197733e+96
-1.2135745407884e+97
1.55144574798157e+97
-1.879600716261e+97
2.15690204016464e+97
-2.34302684705168e+97
2.40779419814259e+97
-2.33902227456756e+97
2.14615595640184e+97
-1.85821964404124e+97
1.51667458005727e+97
-1.1655936648912e+97
8.4237348219835e+96
-5.71669769171928e+96
-4.16419023151976e+98
2.47994389735767e+98
-1.37947030319487e+98
7.15115309421556e+97
-3.44624606837968e+97
1.53955579796623e+97
-6.35521426584553e+96
-2.24333537239469e+98
7.81696708542884e+97
-2.48502571960685e+97
7.16631679159983e+96
1.43039053817374e+98
-3.32234677757057e+97
-4.40838670327112e+98
7.92391665522377e+97
-1.22606469478179e+97
-8.79723311272181e+97
9.41675843113168e+96
3.76007650909994e+97
9.64608444041205e+97
1.42562161307912e+98
9.17370196974353e+97
-4.38339329427962e+98
-1.60358793339418e+97
4.25817265962595e+97
-1.07305643476471e+98
2.56673686286595e+98
6.28977206913319e+96
-1.35583375575334e+97
2.77520351743947e+97
-5.39401260834393e+97
9.95518997441394e+97
-1.74453170804068e+98
2.90235238546636e+98
-4.58344445063277e+98
-5.99764836690337e+96
8.52663382561856e+96
-1.14972662311575e+97
1.46982193011972e+97
-1.78071218142112e+97
2.04342427078691e+97
-2.21975677158589e+97
2.28111660951428e+97
-2.21596287032836e+97
2.03324352629398e+97
-1.76045596231963e+97
1.43688008440554e+97
-1.10427005270598e+97
7.98054961021645e+96
-5.4159337118507e+96
-3.95607570756669e+98
2.35600326420578e+98
-1.31052824657663e+98
6.79375850009709e+97
-3.27401233683255e+97
1.46261310468462e+97
-6.03759841309667e+96
-2.13656683368096e+98
7.44492899826717e+97
-2.36675423948438e+97
6.82524549645235e+96
1.36541261935762e+98
-3.17142352530209e+97
-4.21685078891231e+98
7.57963771140276e+97
-1.17279453776048e+97
-8.43096676835848e+97
9.02469857903243e+96
3.60980317673125e+97
9.27543322579914e+97
1.37287553445726e+98
8.84643832461062e+97
-4.19292288225122e+98
-1.5307347071828e+97
4.06471793827418e+97
-1.02430597849855e+98
2.45012639899608e+98
5.99038909641188e+96
-1.29129825632626e+97
2.64310829412406e+97
-5.13726626017921e+97
9.48133885556583e+97
-1.66149478170455e+98
2.76420502974893e+98
-4.36527976869134e+98
-5.69787430739695e+96
8.10045615449251e+96
-1.09226105607379e+97
1.39635737383772e+97
-1.69170872055509e+97
1.94128994198491e+97
-2.10880899389875e+97
2.167101940582e+97
-2.10520470631284e+97
1.9316180272265e+97
-1.6724649158759e+97
1.36506199199004e+97
-1.0490764609148e+97
7.5816660048939e+96
-5.14523465250692e+96
-3.76777257493888e+98
2.24386111816361e+98
-1.24814910634979e+98
6.47038596865302e+97
-3.11817434049358e+97
1.39299494697131e+97
-5.75021790347337e+96
-2.03949935273897e+98
7.10669453179185e+97
-2.25922898297368e+97
6.51516416273235e+96
1.30608149431603e+98
-3.03361599830648e+97
-4.04126512495793e+98
7.26402877304433e+97
-1.12396048063768e+97
-8.09397896041511e+97
8.66397914242261e+96
3.47107936793008e+97
8.93221162523244e+97
1.32389313160339e+98
8.54171922031294e+97
-4.01831568864895e+98
-1.46421331785122e+97
3.88807680176827e+97
-9.79792534548646e+97
2.34365081529697e+98
5.71821094950676e+96
-1.23262707571494e+97
2.52301651987312e+97
-4.9038503696285e+97
9.05054643863449e+97
-1.58600339539251e+98
2.63861108297148e+98
-4.16693964791079e+98
-5.42663984448257e+96
7.71485217301227e+96
-1.04026642380335e+97
1.32988691580466e+97
-1.61117871983197e+97
1.84887918134254e+97
-2.00842385814145e+97
2.06394189369713e+97
-2.00499113352851e+97
1.83966765609194e+97
-1.59285094689503e+97
1.30008125155341e+97
-9.991375065141e+96
7.2207576199834e+96
-4.90030716365984e+96
-3.59658051199483e+98
2.14190930807104e+98
-1.1914383472986e+98
6.17639824213682e+97
-2.97649731614486e+97
1.32970297962592e+97
-5.48895161407435e+96
-1.95086824833324e+98
6.79785686684674e+97
-2.16104901532971e+97
6.23203277436837e+96
1.25169174587016e+98
-2.90728573432732e+97
-3.87971700882477e+98
6.97365182534683e+97
-1.07903056055487e+97
-7.78289402001516e+97
8.33098672784003e+96
3.34262290763686e+97
8.61348353576497e+97
1.27828546156232e+98
8.25729273407838e+97
-3.85766924403032e+98
-1.40323268872233e+97
3.72614862167622e+97
-9.38986745865237e+97
2.24604389620744e+98
5.46969071194319e+96
-1.17905563445536e+97
2.41336320617764e+97
-4.69072315250266e+97
8.65719880497929e+97
-1.51707377463529e+98
2.52393385322556e+98
-3.98583939581707e+98
-5.18005462059619e+96
7.36429110323388e+96
-9.9299695909241e+96
1.26945715962457e+97
-1.53796712443407e+97
1.76486652620853e+97
-1.9171615237128e+97
1.97015682706545e+97
-1.91388477177749e+97
1.75607355303338e+97
-1.52047213850881e+97
1.24100583303983e+97
-9.53736906321368e+96
6.89264788266072e+96
-4.67763820663196e+96
-3.44026860419939e+98
2.04881923377225e+98
-1.13965693465929e+98
5.90796417496279e+97
-2.84713497798412e+97
1.27191240361212e+97
-5.25039481258985e+96
-1.86961950718241e+98
6.51474326303225e+97
-2.07104676661249e+97
5.97248429282637e+96
1.20165075453666e+98
-2.79105626469601e+97
-3.7305877958904e+98
6.70559741225815e+97
-1.03755459837377e+97
-7.49483598920552e+97
8.02264284390204e+96
3.22333463099805e+97
8.31671745079162e+97
1.23571538683293e+98
7.99119718787122e+97
-3.70937359492406e+98
-1.34712825097418e+97
3.57716869911614e+97
-9.01443909445631e+97
2.15624191763207e+98
5.24187236366707e+96
-1.12994672775322e+97
2.31284408290197e+97
-4.49534956897358e+97
8.29661728372945e+97
-1.45388603635936e+98
2.41880931246338e+98
-3.81982491550827e+98
-4.95490461778779e+96
7.04420369437834e+96
-9.49836546558909e+96
1.21428045713161e+97
-1.47111968615972e+97
1.6881569460134e+97
-1.83383246674961e+97
1.88452433509574e+97
-1.83069812988716e+97
1.67974614243128e+97
-1.45438509649818e+97
1.18706574015513e+97
-9.12282903250399e+96
6.59306016924831e+96
-4.47432548588108e+96
-3.29697759553597e+98
1.96348363285666e+98
-1.09218895294998e+98
5.66189087016562e+97
-2.72854862168851e+97
1.21893582707097e+97
-5.03170997721703e+96
-1.79486767279822e+98
6.25426832110323e+97
-1.98824138356726e+97
5.73369013323174e+96
1.15545701992844e+98
-2.6837627617576e+97
-3.59249848204212e+98
6.45738682303235e+97
-9.99149064033721e+96
-7.22733945608278e+97
7.73630845716525e+96
3.11226685702272e+97
8.03971909111112e+97
1.19588922827964e+98
7.74171584847529e+97
-3.57205716595769e+98
-1.29533762758265e+97
3.43964369577552e+97
-8.66787704987362e+97
2.0733447260698e+98
5.03227265298864e+96
-1.08476506159022e+97
2.22036347720178e+97
-4.31560001860426e+97
7.96487148323879e+97
-1.39575142480065e+98
2.32209158733343e+98
-3.6670866238146e+98
-4.7485113045032e+96
6.75078197697564e+96
-9.10271721600354e+96
1.16370038996792e+97
-1.40984114380329e+97
1.61783785290095e+97
-1.7574453496126e+97
1.80602567684718e+97
-1.75444156426462e+97
1.60977738257196e+97
-1.39380360531357e+97
1.1376192654972e+97
-8.74282332721595e+96
6.31843038335098e+96
-4.2879502566772e+96
-3.16514558889383e+98
1.88497233221891e+98
-1.04851699274243e+98
5.43549608476534e+97
-2.61944563466378e+97
1.17019579574257e+97
-4.83051340349894e+96
-1.72586344711346e+98
6.01382108987247e+97
-1.91180284072797e+97
5.51325666794841e+96
1.11268329667718e+98
-2.58441286891863e+97
-3.46426693903386e+98
6.22689522429769e+97
-9.63485182801477e+96
-6.97827882352299e+97
7.46970827974132e+96
3.0085981620883e+97
7.78057706281305e+97
1.15854998150789e+98
7.50733985470423e+97
-3.44454421616081e+98
-1.24738171808454e+97
3.31230140629795e+97
-8.34697537558324e+97
1.99658546242998e+98
4.83879021703365e+96
-1.04305766256754e+97
2.13499421517405e+97
-4.14967240332495e+97
7.65863545044702e+97
-1.3420871050884e+98
2.23281102360996e+98
-3.52609322590279e+98
-4.55862457493719e+96
6.48082705867167e+96
-8.73871147257505e+96
1.11716553259431e+97
-1.35346343662418e+97
1.55314262565509e+97
-1.68716739718475e+97
1.73380505701452e+97
-1.68428372289643e+97
1.5454044712657e+97
-1.33806720307516e+97
1.09212734153751e+97
-8.39320910891801e+96
6.0657644990387e+96
-4.11648064794408e+96
-3.04345088511952e+98
1.81249820639072e+98
-1.00820321495857e+98
5.22651006734436e+97
-2.51873219011455e+97
1.12520365978695e+97
-4.64478796753014e+96
-1.6619684881077e+98
5.79117724778537e+97
-1.84102402279945e+97
5.3091447177371e+96
1.07296334198271e+98
-2.49215591936933e+97
-3.3448739918509e+98
6.01229068532166e+97
-9.30279500670401e+96
-6.745811713673e+97
7.22087018815943e+96
2.91161303197052e+97
7.53761869506307e+97
1.12347176540179e+98
7.28673767981317e+97
-3.32582109248878e+98
-1.20284983464228e+97
3.19405128851756e+97
-8.04898591238725e+97
1.92530677046184e+98
4.65963488933463e+96
-1.00443863932546e+97
2.05594643058436e+97
-3.99603150262168e+97
7.3750757816782e+97
-1.29239655595098e+98
2.15014156580624e+98
-3.39554020058474e+98
-4.38334038624066e+96
6.23163203207037e+96
-8.40269825567439e+96
1.07420926792142e+97
-1.30142125066239e+97
1.49342254830592e+97
-1.6222939139772e+97
1.66713830039953e+97
-1.61952111453881e+97
1.48598192423167e+97
-1.28661700602039e+97
1.0501338085864e+97
-8.07048070201705e+96
5.83252896746122e+96
-3.95819728760228e+96
-2.93076751929235e+98
1.74539069758608e+98
-9.70874621376061e+97
5.03299920055425e+97
-2.42547644923465e+97
1.08354313494232e+97
-4.47281526717281e+96
-1.6026356053408e+98
5.58443009366621e+97
-1.77529878650556e+97
5.11960628650182e+96
1.03598140352444e+98
-2.40625851980618e+97
-3.23343627631046e+98
5.81198539051047e+97
-8.99286335486541e+96
-6.52833331862357e+97
6.98807635927452e+96
2.82068532609934e+97
7.30937390037258e+97
1.09045524939497e+98
7.07872982347966e+97
-3.21500922902984e+98
-1.1613879119835e+97
3.08395315607644e+97
-7.77153939679051e+97
1.85894192530319e+98
4.49327214985454e+96
-9.68577208092727e+96
1.98254305481824e+97
-3.85336133466454e+97
7.11176370030212e+97
-1.24625416233882e+98
2.07337512413288e+98
-3.27430932016586e+98
-4.22103669262405e+96
6.00089089460293e+96
-8.09156816365269e+96
1.03443408689966e+97
-1.25323299744197e+97
1.43812498257699e+97
-1.56222457301314e+97
1.60540848535213e+97
-1.55955443811592e+97
1.43095985627331e+97
-1.23897690355391e+97
1.01125006623299e+97
-7.77165163708868e+96
5.61656546965239e+96
-3.81163545025593e+96
-2.82613032121927e+98
1.68307500780647e+98
-9.36211480221561e+97
4.8533059995539e+97
-2.33887964556397e+97
1.04485738491721e+97
-4.3131222987651e+96
-1.54739305107819e+98
5.39193580867672e+97
-1.71410455927878e+97
4.94313437938259e+96
1.00146380867242e+98
-2.32608501481318e+97
-3.12918434684515e+98
5.62459628892648e+97
-8.70291688261483e+96
-6.32443930448815e+97
6.76982356193887e+96
2.73526474602608e+97
7.09454540710551e+97
1.05932386391509e+98
6.88226771755039e+97
-3.11134336949177e+98
-1.12268907430945e+97
2.98119212974914e+97
-7.51258233848728e+97
1.79699973465092e+98
4.33837906380599e+96
-9.35188194781093e+96
1.91420037597938e+97
-3.72052737006655e+97
6.86660531841987e+97
-1.20329299458841e+98
2.00190124286106e+98
-3.16143654236635e+98
-4.07032310361865e+96
5.786626979529e+96
-7.80265586957121e+96
9.97499251442123e+96
-1.20848586740609e+97
1.38677621621907e+97
-1.50644478409438e+97
1.54808679700309e+97
-1.50386998282245e+97
1.37986691504959e+97
-1.19473878168482e+97
9.75143012746313e+96
-7.4941619628303e+96
5.41602393094982e+96
-3.67553959797606e+96
-2.72870720209735e+98
1.62505559442261e+98
-9.0393814557607e+97
4.68600151993653e+97
-2.25825314966252e+97
1.00883877539508e+97
-4.16443916212396e+96
-1.49583195180915e+98
5.212269661068e+97
-1.65698841668131e+97
4.77842285281631e+96
9.6917218076326e+97
-2.25108173040357e+97
-3.0314448866876e+98
5.44891311772676e+97
-8.43108295449636e+96
-6.13289545576666e+97
6.5647906636303e+96
2.65486569005812e+97
6.89198409084579e+97
1.02992064185841e+98
6.69641604915462e+97
-3.01415387096133e+98
-1.08648602718894e+97
2.88505843484288e+97
-7.27032610993097e+97
1.73905236104739e+98
4.19380902955053e+96
-9.04024435980814e+96
1.85041248477631e+97
-3.59654630018602e+97
6.63778584122139e+97
-1.16319503087908e+98
1.93519083355874e+98
-3.05608632156172e+98
-3.9300009547931e+96
5.58713618994352e+96
-7.5336635782286e+96
9.63111009092622e+96
-1.16682397483198e+97
1.3389678589172e+97
-1.45451091577177e+97
1.49471734072804e+97
-1.45202487534561e+97
1.33229674474863e+97
-1.15355080278213e+97
9.41525479036934e+96
-7.23580472919752e+96
5.22930939041449e+96
-3.54882732366698e+96
-2.63777698186665e+98
1.57090296546259e+98
-8.73815712244447e+97
4.52984728067741e+97
-2.18300011921413e+97
9.75220676507616e+96
-4.0256652215321e+96
-1.44759617134885e+98
5.04419068385885e+97
-1.60355585338307e+97
4.62433403227844e+96
9.38897926701846e+97
-2.18076417045164e+97
-2.93962615075636e+98
5.28387223626761e+97
-8.1757158030797e+96
-5.95261267319901e+97
6.3718118675793e+96
2.57905801717713e+97
6.70066841398365e+97
1.00210557181677e+98
6.52033787228069e+97
-2.92285222363821e+98
-1.05254487539146e+97
2.79493098504346e+97
-7.04320557772536e+97
1.68472542655926e+98
4.05856334714305e+96
-8.74870650226437e+96
1.79073872984966e+97
-3.48056165471804e+97
6.42372456679607e+97
-1.12568327146853e+98
1.87278305565339e+98
-2.95753089033715e+98
-3.7990313620698e+96
5.4009415827743e+96
-7.28259978745827e+96
9.31014764207311e+96
-1.12793887309333e+97
1.29434595824805e+97
-1.40603847208721e+97
1.44490499206145e+97
-1.40363527681001e+97
1.28789715626272e+97
-1.11510802871788e+97
9.10148575286614e+96
-6.99466716976647e+96
5.05503949337004e+96
-3.43056050372597e+96
-2.55271150657603e+98
1.52024302977705e+98
-8.45636091777176e+97
4.38376455431491e+97
-2.11260069950953e+97
9.43770851383939e+96
-3.89584181397397e+96
-1.40237407383946e+98
4.88661297276897e+97
-1.55346165872929e+97
4.47987239924132e+96
9.10457726345528e+97
-2.11470653995058e+97
-2.85320597605932e+98
5.12853507523079e+97
-7.93536318336569e+96
-5.78262625508717e+97
6.18985453501976e+96
2.5074593492536e+97
6.5196871968986e+97
9.75753368867709e+97
6.35328200779226e+97
-2.83691912474465e+98
-1.0206600643106e+97
2.7102639498483e+97
-6.82984525263817e+97
1.63368991590191e+98
3.93176811601735e+96
-8.47538458021649e+96
1.7347935244508e+97
-3.37182398948197e+97
6.22303832070065e+97
-1.09051533102261e+98
1.81427465607964e+98
-2.8651334244721e+98
-3.67650945740225e+96
5.22675674059341e+96
-7.04772989886884e+96
9.00988763981347e+96
-1.09156190518153e+97
1.2526022216562e+97
-1.36069255706904e+97
1.39830559760397e+97
-1.35836686356702e+97
1.24636139289164e+97
-1.079144858395e+97
8.80795518474983e+96
-6.76908326507778e+96
4.8920102089689e+96
-3.31992203255052e+96
-2.4729611176423e+98
1.47274844339305e+98
-8.19217198873566e+97
4.24680941333352e+97
-2.04659999792843e+97
9.1428608394019e+96
-3.77413007289906e+96
-1.35989178380449e+98
4.73858220067859e+97
-1.50640245065021e+97
4.34416306046022e+96
8.83689817518588e+97
-2.05253311626928e+97
-2.77172184638785e+98
4.98207027826461e+97
-7.70873874060775e+96
-5.62207862969673e+97
6.01800070155467e+96
2.43972862072706e+97
6.34822510748829e+97
9.50751588043117e+97
6.19457233177211e+97
-2.75589459600834e+98
-9.90650213740879e+96
2.63057569155907e+97
-6.6290314108905e+97
1.58565550788584e+98
3.81265533176129e+96
-8.21862307027274e+96
1.6822380058646e+97
-3.26967467528857e+97
6.03451153668255e+97
-1.05747819560711e+98
1.75931124655933e+98
-2.77833426786825e+98
-3.56164345400671e+96
5.06345600942843e+96
-6.82753608666373e+96
8.72838968037883e+96
-1.0574579881315e+97
1.21346688388227e+97
-1.31818012667013e+97
1.35461801278254e+97
-1.31592709237264e+97
1.20742103330149e+97
-1.04542888287073e+97
8.53276616944592e+96
-6.55759519804564e+96
4.73916797404704e+96
-3.2161969181937e+96
-2.39804276222848e+98
1.4281315287616e+98
-7.94399012708204e+97
4.11815231213651e+97
-1.9845982441896e+97
8.86587783126577e+96
-3.65979278275652e+96
-1.31990763515943e+98
4.59925627504198e+97
-1.4621105266223e+97
4.21643401537337e+96
8.58450917602973e+97
-1.99391109897565e+97
-2.69476261206392e+98
4.84373881852388e+97
-7.4946989811846e+96
-5.47020488621539e+97
5.85543158916168e+96
2.37556064610741e+97
6.18555038149235e+97
9.26999020555881e+97
6.04359863008062e+97
-2.679369747532e+98
-9.62354665604598e+96
2.55543959810044e+97
-6.43968899291726e+97
1.54036504962847e+98
3.70054731773712e+96
-7.97696116114334e+96
1.63277316624969e+97
-3.17353254672282e+97
5.85707161566562e+97
-1.02638390463435e+98
1.70758011971594e+98
-2.69663958763175e+98
-3.45373751696371e+96
4.91005014652798e+96
-6.62068446121534e+96
8.4639485058595e+96
-1.02542052726958e+97
1.17670287089838e+97
-1.27824364909269e+97
1.31357758692892e+97
-1.27605887154551e+97
1.17084018453246e+97
-1.01375585745132e+97
8.27425166635644e+96
-6.35892181572532e+96
4.59558690046862e+96
-3.11875681431561e+96
-2.32753020115268e+98
1.38613844316999e+98
-7.7104033310623e+97
3.99706127110518e+97
-1.92624268649998e+97
8.60518362659867e+96
-3.5521794346982e+96
-1.28220757147656e+98
4.4678893099742e+97
-1.42034876836951e+97
4.09600146227768e+96
8.34613657980683e+97
-1.93854465085316e+97
-2.6219615517791e+98
4.71288152757253e+97
-7.29222397611378e+96
-5.32632058903808e+97
5.70141456232398e+96
2.31468152272801e+97
6.03100438349912e+97
9.04404324546685e+97
5.89980875831704e+97
-2.60697987670325e+98
-9.35630606855573e+96
2.48447644316615e+97
-6.26086235098301e+97
1.49758995140748e+98
3.59484382478139e+96
-7.74910494553022e+96
1.58613416070265e+97
-3.08288283903371e+97
5.68976850766766e+97
-9.97065972829758e+97
1.65880429635027e+98
-2.61961197342695e+98
-3.35217765592671e+96
4.76566626454587e+96
-6.42599802590774e+96
8.2150594319574e+96
-9.95267227731077e+96
1.14210099348948e+97
-1.24065588361012e+97
1.27495079777377e+97
-1.23853534871086e+97
1.13641069952358e+97
-9.83945560851006e+96
8.03094071340534e+96
-6.17193265531377e+96
4.46045000373761e+96
-3.02704728113477e+96
-2.26104589494931e+98
1.34654434656187e+98
-7.49016092639893e+97
3.88288794254612e+97
-1.87122087652825e+97
8.35938241191372e+96
-3.45071384341068e+96
-1.24660131260471e+98
4.34381826872446e+97
-1.38090639548451e+97
3.98225755262056e+96
8.1206443434276e+97
-1.88616990484474e+97
-2.55299052941809e+98
4.58890859248194e+97
-7.1004011099476e+96
-5.18981146577661e+97
5.55529208983913e+96
2.25684472267191e+97
5.88399269458872e+97
8.82884851293905e+97
5.76270189485298e+97
-2.53839865631726e+98
-9.10350658780644e+96
2.41734798483997e+97
-6.09169911774711e+97
1.45712632804146e+98
3.49501128034394e+96
-7.53390424538504e+96
1.54208556370859e+97
-2.99726796835201e+97
5.53175769576549e+97
-9.69376408368206e+97
1.61273756455531e+98
-2.54686260315999e+98
-3.25642003566197e+96
4.62953121306687e+96
-6.24243426887325e+96
7.98038970103441e+96
-9.66836623836824e+96
1.10947596460116e+97
-1.20521555424043e+97
1.23853080552844e+97
-1.20315559186688e+97
1.10394821430029e+97
-9.55838364044742e+96
7.80153042209053e+96
-5.99562642180405e+96
4.33303364881598e+96
-2.94057722971035e+96
-2.1982542418705e+98
1.30914937449272e+98
-7.28215116582248e+97
3.77505599832351e+97
-1.81925507323292e+97
8.12723342305504e+96
-3.35488382722497e+96
-1.21291914270845e+98
4.22645177150401e+97
-1.34359540741969e+97
3.87466013041248e+96
7.90701596289132e+97
-1.83655075906259e+97
-2.48755504942327e+98
4.47129066802485e+97
-6.91841132870137e+96
-5.06012464126694e+97
5.41647236149927e+96
2.20182775627815e+97
5.743977472343e+97
8.62365635090545e+97
5.63182271318132e+97
-2.47333321649013e+98
-8.86400846812781e+96
2.35375157462877e+97
-5.93143662106132e+97
1.41879174932632e+98
3.40057378053071e+96
-7.33033319420127e+96
1.50041739460485e+97
-2.91627980659751e+97
5.38228593865968e+97
-9.43183214422993e+97
1.56916032307816e+98
-2.47804467874355e+98
-3.16598123439504e+96
4.50095772925733e+96
-6.06906648860245e+96
7.75875460858279e+96
-9.39985186777401e+96
1.07866308031404e+97
-1.17174374431257e+97
1.20413374778717e+97
-1.16974099011223e+97
1.07328884548291e+97
-9.29292370850937e+96
7.58486263898261e+96
-5.82911305189455e+96
4.21269458772565e+96
-2.85891012511728e+96
-2.13885591212796e+98
1.27377526394092e+98
-7.0853824601225e+97
3.67305140006308e+97
-1.77009755392961e+97
7.90762999813127e+96
-3.26423256126442e+96
-1.18100920529344e+98
4.11526066992202e+97
-1.3082475870855e+97
3.7727240912032e+96
7.70433915344984e+97
-1.78947531847217e+97
-2.42539005352724e+98
4.35955132145183e+97
-6.74551744968195e+96
-4.93676115376006e+97
5.28442127725014e+96
2.14942931202026e+97
5.61047087622739e+97
8.42778520768945e+97
5.50675633068832e+97
-2.41151996400985e+98
-8.63678882581238e+96
2.29341559561132e+97
-5.77939038813369e+97
1.38242249024548e+98
3.31110550407754e+96
-7.13747388444519e+96
1.46094177043623e+97
-2.83955317581363e+97
5.24067926381524e+97
-9.18368285102392e+97
1.52787608081909e+98
-2.41284789804464e+98
-3.08043008154241e+96
4.37933283386957e+96
-5.90506814717765e+96
7.54909750024013e+96
-9.14584901219904e+96
1.04951543892201e+97
-1.14008087557108e+97
1.17159563512594e+97
-1.13813223791292e+97
1.0442864232184e+97
-9.04181022103089e+96
7.37990439102672e+96
-5.67159868582451e+96
4.09885909870625e+96
-2.78165661582496e+96
-2.08258307649122e+98
1.24026251174448e+98
-6.89896757193211e+97
3.57641420523297e+97
-1.72352666552008e+97
7.69958193700528e+96
-3.17835129552367e+96
-1.15073521424993e+98
4.00977007104946e+97
-1.27471196528793e+97
3.67601407002592e+96
7.51179282689419e+97
-1.74475287012544e+97
-2.36625633233407e+98
4.25326058243656e+97
-6.58105418134024e+96
-4.81926953970634e+97
5.15865558019711e+96
2.09946679525178e+97
5.48302938896058e+97
8.24061407476355e+97
5.38712391578862e+97
-2.35272101326781e+98
-8.42092703574655e+96
2.23609558465357e+97
-5.63494437353614e+97
1.34787119352148e+98
3.2262242931042e+96
-6.95450253011892e+96
1.42349007362299e+97
-2.76676034311597e+97
5.10633280733612e+97
-8.94825625004971e+97
1.48870849473057e+98
-2.35099377708329e+98
-2.99938078395205e+96
4.26410805907188e+96
-5.74969969353036e+96
7.35047292650837e+96
-8.90521224475591e+96
1.02190159901137e+97
-1.11008416416433e+97
1.14076973676719e+97
-1.10818679543802e+97
1.01681016092607e+97
-8.80391078030914e+96
7.18573141778189e+96
-5.52237301158082e+96
3.99101383988383e+96
-2.70846832661475e+96
-2.02919536875944e+98
1.20846797008911e+98
-6.7221102406144e+97
3.48473163350427e+97
-1.67934348306884e+97
7.50220057401282e+96
-3.09687319295611e+96
-1.12197450813447e+98
3.90955255750637e+97
-1.24285266538364e+97
3.58413822581328e+96
7.3286359739176e+97
-1.70221130088356e+97
-2.30993744931846e+98
4.15202941407394e+97
-6.4244195682658e+96
-4.7072403132614e+97
5.03873694734167e+96
2.05177420239769e+97
5.36124889458189e+97
8.06157591023057e+97
5.27257885544207e+97
-2.29672112687772e+98
-8.21559226448e+96
2.18157092193478e+97
-5.49754261683148e+97
1.31500487413069e+98
3.1455861965149e+96
-6.78067770442061e+96
1.38791054437257e+97
-2.6976063411925e+97
4.97870217747816e+97
-8.72459835774962e+97
1.45149885192062e+98
-2.29223167372633e+98
-2.92248710943051e+96
4.15479117938385e+96
-5.60229741347816e+96
7.16203238852801e+96
-8.67691359577956e+96
9.95703597762334e+96
-1.08162546793969e+97
1.11152436836842e+97
-1.07977673953348e+97
9.90742683471286e+96
-8.57820910981406e+96
7.00151423664813e+96
-5.38079855575503e+96
3.88869810978208e+96
-2.63903260623959e+96
-1.97847645371175e+98
1.17826280258349e+98
-6.55409381291695e+97
3.39763217289889e+97
-1.63736896946856e+97
7.3146860892166e+96
-3.01946809161835e+96
-1.09461638910611e+98
3.81422239943605e+97
-1.21254706325754e+97
3.4967429351403e+96
7.1541981341568e+97
-1.66169488390727e+97
-2.25623709386062e+98
4.05550495505474e+97
-6.27506762941999e+96
-4.60030119823876e+97
4.92426688575434e+96
2.00620027843919e+97
5.24476039813541e+97
7.89015190131749e+97
5.16280340138993e+97
-2.24332508303878e+98
-8.02003278376675e+96
2.12964199326085e+97
-5.36668209162139e+97
1.28370320880457e+98
3.06888081173191e+96
-6.61533029830548e+96
1.35406622533599e+97
-2.63182497344268e+97
4.85729608173206e+97
-8.51184824083715e+97
1.41610392013969e+98
-2.23633539313889e+98
-2.84943744256908e+96
4.05093918272697e+96
-5.46226395192659e+96
6.98301222156525e+96
-8.46002787348101e+96
9.70815266446782e+96
-1.05458945658087e+97
1.08374101157706e+97
-1.05278693698659e+97
9.65978351054883e+96
-8.36379054181362e+96
6.82650629789831e+96
-5.24630158045596e+96
3.79149726852864e+96
-2.57306806277984e+96
-1.9302310971875e+98
1.14953073937317e+98
-6.39427153703122e+97
3.31478054824408e+97
-1.5974415506639e+97
7.13631667610202e+96
-2.94583803314522e+96
-1.06856069908865e+98
3.72343059310082e+97
-1.18368421008462e+97
3.41350824378468e+96
6.98787119554256e+97
-1.62306237390406e+97
-2.20497679508876e+98
3.963366410379e+97
-6.13250199985129e+96
-4.49811299551626e+97
4.81488230895172e+96
1.96260691460436e+97
5.1332262914667e+97
7.72586644360495e+97
5.05750572677047e+97
-2.19235540177525e+98
-7.83356677481835e+96
2.08012774822192e+97
-5.24190655211957e+97
1.2538570641376e+98
2.99582729173903e+96
-6.45785491320029e+96
1.32183319981555e+97
-2.56917538967668e+97
4.74167000693238e+97
-8.30922694141793e+97
1.38239410526853e+98
-2.18310027805728e+98
-2.77995056396911e+96
3.95215226990532e+96
-5.32906022180073e+96
6.81272325130829e+96
-8.25372013238742e+96
9.47140792391428e+96
-1.02887204947885e+97
1.05731270872e+97
-1.02711348506643e+97
9.42421828340228e+96
-8.15982962835569e+96
6.66003387278916e+96
-5.11836431212708e+96
3.69903712162792e+96
-2.51032075223692e+96
-1.88428265462826e+98
1.12216658146549e+98
-6.24205824288983e+97
3.23587340825071e+97
-1.55941503719073e+97
6.96643925638203e+96
-2.8757134298643e+96
-1.04371659455217e+98
3.63686059157202e+97
-1.15616347510969e+97
3.33414395277474e+96
6.82910231155048e+97
-1.58618536202826e+97
-2.15599394042573e+98
3.87532148976436e+97
-5.99627041985677e+96
-4.40036598924011e+97
4.71025169001504e+96
1.9208677505077e+97
5.02633708553605e+97
7.56828273466625e+97
4.95641733570081e+97
-2.14365037424564e+98
-7.65557438617712e+96
2.03286359123689e+97
-5.12280121859754e+97
1.22536722535263e+98
2.9261709091543e+96
-6.30770245445949e+96
1.2910990757478e+97
-2.50943913951462e+97
4.63142078100997e+97
-8.11602794708922e+97
1.35025186584207e+98
-2.13234070497749e+98
-2.71377203232318e+96
3.85806871114407e+96
-5.20219846862892e+96
6.65054192756119e+96
-8.05723493167266e+96
9.24593486336693e+96
-1.0043790767228e+97
1.03214268678054e+97
-1.002662374803e+97
9.19986857952776e+96
-7.96557952178137e+96
6.50148738595982e+96
-4.99651828032707e+96
3.61097910590336e+96
-2.45056091151273e+96
-1.84047090997596e+98
1.09607491370572e+98
-6.09692318308784e+97
3.16063561425735e+97
-1.52315683566702e+97
6.80446149011546e+96
-2.80884976660981e+96
-1.02000148832401e+98
3.5542246174394e+97
-1.12989337345192e+97
3.25838623801198e+96
6.67738776251388e+97
-1.55094685005726e+97
-2.10914005248954e+98
3.79110331043622e+97
-5.86595994268013e+96
-4.30677681161536e+97
4.61007170559001e+96
1.88086695093762e+97
4.92380854263978e+97
7.41699889615147e+97
4.85929077741157e+97
-2.09706234901744e+98
-7.48549085025599e+96
1.98769955371661e+97
-5.00898817124796e+97
1.19814329451874e+98
2.85968008873373e+96
-6.16437373457961e+96
1.26176167637005e+97
-2.45241762750557e+97
4.52618187615864e+97
-7.93160896028201e+97
1.31957034372633e+98
-2.08388792169658e+98
-2.65067107123092e+96
3.76836042019059e+96
-5.08123630268435e+96
6.49590269487345e+96
-7.86988709205487e+96
9.03094721760965e+96
-9.81025126895594e+96
1.00814317334393e+97
-9.79348340751838e+96
8.98595205088352e+96
-7.7803628367599e+96
6.35031395704514e+96
-4.88033858581519e+96
3.52701614704755e+96
-2.39358014717011e+96
-1.79865020920126e+98
1.07116899321757e+98
-5.95838384982545e+97
3.08881703494242e+97
-1.48854640411722e+97
6.6498448751129e+96
-2.74502475218943e+96
-9.97340132454003e+97
3.47526046702811e+97
-1.10479055016046e+97
3.18599472049056e+96
6.53226761738365e+97
-1.51724001048622e+97
-2.0642792858838e+98
3.71046769516228e+97
-5.74119275377007e+96
-4.21708569943403e+97
4.51406429921178e+96
1.8424981323545e+97
4.82537915258298e+97
7.27164455182858e+97
4.76589762396401e+97
-2.05245623704772e+98
-7.32280049748628e+96
1.9444987045783e+97
-4.90012234469144e+97
1.1721027324423e+98
2.79614383545547e+96
-6.02741392913339e+96
1.23372790542683e+97
-2.3979299074905e+97
4.42561933811041e+97
-7.75538476478636e+97
1.29025217733239e+98
-2.03758817311942e+98
-2.59043788046532e+96
3.68272913184124e+96
-4.96577154478244e+96
6.34829140335538e+96
-7.69105371289574e+96
8.8257301881706e+96
-9.58732551960652e+96
9.85234373976573e+96
-9.57093867581406e+96
8.78175746013237e+96
-7.60356375819114e+96
6.20601095916331e+96
-4.7694389501243e+96
3.44686908195284e+96
-2.33918900747706e+96
-1.75868784264108e+98
1.04736978601955e+98
-5.82600061608027e+97
3.02018976831575e+97
-1.45547391320895e+97
6.50209876622318e+96
-2.68403585057348e+96
-9.75663820674946e+97
3.3997287313488e+97
-1.0807788967502e+97
3.11674991856287e+96
6.39332107675675e+97
-1.48496710486016e+97
-2.02128711182271e+98
3.63319080791286e+97
-5.62162251244568e+96
-4.13105408640197e+97
4.42197410407643e+96
1.80566341814947e+97
4.73080790561956e+97
7.13187780023893e+97
4.67602667675944e+97
-2.00970820348507e+98
-7.16703153442231e+96
1.90313576362143e+97
-4.79588803369278e+97
1.14717002283873e+98
2.73536949800027e+96
-5.89640775569013e+96
1.20691276036157e+97
-2.34581076459611e+97
4.3294282462628e+97
-7.58682102253354e+97
1.26220846959567e+98
-1.99330107147381e+98
-2.53288130567553e+96
3.60090308904395e+96
-4.85543775918767e+96
6.20723959790125e+96
-7.52016725350444e+96
8.62963250389601e+96
-9.3743060480781e+96
9.6334358593133e+96
-9.35828329092851e+96
8.58663678076797e+96
-7.43462120120779e+96
6.06812043612494e+96
-4.66346742507806e+96
3.37028355798304e+96
-2.28721487812303e+96
-1.72046263829115e+98
1.02460512927366e+98
-5.69937207560999e+97
2.95454572598283e+97
-1.4238390820742e+97
6.36077517454876e+96
-2.62569813403519e+96
-9.54909692650842e+97
3.3274103717302e+97
-1.05778878049155e+97
3.05045102536545e+96
6.26016239785227e+97
-1.45403853727408e+97
-1.98004916376632e+98
3.55906707893157e+97
-5.50693114136568e+96
-4.04846248427145e+97
4.33356617495687e+96
1.7702726049992e+97
4.63987232223078e+97
6.99738252987808e+97
4.5894823722015e+97
-1.96870451961204e+98
-7.01775147442073e+96
1.86349588818843e+97
-4.69599583555424e+97
1.12327594095679e+98
2.67718081768625e+96
-5.77097526806614e+96
1.18123847145797e+97
-2.29590904203024e+97
4.23732962561165e+97
-7.42542886211513e+97
1.23535788767551e+98
-1.95089817454044e+98
-2.47782681199079e+96
3.52263416204592e+96
-4.74990036908768e+96
6.07231955217218e+96
-7.35670951672991e+96
8.44205951692884e+96
-9.17054689274465e+96
9.42404427437216e+96
-9.15487239522839e+96
8.39999832748792e+96
-7.27302286320285e+96
5.93622424771123e+96
-4.5621026618432e+96
3.29702733662066e+96
-2.23750015236135e+96
-1.68386373464137e+98
1.00280900045906e+98
-5.57813097772619e+97
2.89169452573754e+97
-1.39355016271862e+97
6.22546423045483e+96
-2.56984241030196e+96
-9.35020125172612e+97
3.25810459842279e+97
-1.03575637001529e+97
2.98691396399806e+96
6.13243731832453e+97
-1.4243720237373e+97
-1.94046022153271e+98
3.48790737871329e+97
-5.39682600113087e+96
-3.9691086131555e+97
4.24862398684846e+96
1.73624242536816e+97
4.55236670583741e+97
6.86786603252562e+97
4.50608336118037e+97
-1.9293405525149e+98
-6.87456312769278e+96
1.82547360836169e+97
-4.60017996681878e+97
1.1003569117374e+98
2.62141622123776e+96
-5.65076817618824e+96
1.15663374856694e+97
-2.24808617698567e+97
4.14906774461479e+97
-7.27076014360152e+97
1.2096258751697e+98
-1.91026174156838e+98
-2.42511471627111e+96
3.44769533524981e+96
-4.6488532678836e+96
5.94313993643562e+96
-7.20020640048025e+96
8.2624671799086e+96
-8.97545705893157e+96
9.22356165361692e+96
-8.96011600409224e+96
8.22130076339814e+96
-7.11830003504939e+96
5.80993983460311e+96
-4.46505065619564e+96
3.22688794127354e+96
-2.18990063471259e+96
-1.648789506876e+98
9.81920877880781e+97
-5.46194067011971e+97
2.83146164752804e+97
-1.36452305135427e+97
6.09579021358879e+96
-2.51631358376586e+96
-9.15942197883305e+97
3.19162700890256e+97
-1.01462304347644e+97
2.92596968078666e+96
6.0098199090962e+97
-1.39589186118561e+97
-1.90242331488679e+98
3.41953740673694e+97
-5.29103739717611e+96
-3.8928057474932e+97
4.16694766445243e+96
1.70349589346513e+97
4.46810058956096e+97
6.74305687679851e+97
4.42566124066426e+97
-1.89151987358258e+98
-6.73710107243623e+96
1.7889718899065e+97
-4.50819590189274e+97
1.0783544449752e+98
2.56792732256197e+96
-5.53546661649774e+96
1.13303312005303e+97
-2.20221491578597e+97
4.06440774386469e+97
-7.12240330306472e+97
1.18494396077358e+98
-1.87128364149768e+98
-2.37459864029159e+96
3.37587850816312e+96
-4.55201585400194e+96
5.81934202683906e+96
-7.05022330519829e+96
8.09035677590186e+96
-8.78849479407744e+96
9.03143126901844e+96
-8.77347329085579e+96
8.05004785619797e+96
-6.97002306081511e+96
5.68891651261054e+96
-4.37204190056404e+96
3.15967059905907e+96
-2.14428414417343e+96
-1.61514662453388e+98
9.61885179468147e+97
-5.35049197717332e+97
2.77368681517866e+97
-1.33668050852742e+97
5.97140806892478e+96
-2.46496921732296e+96
-8.97627223101171e+97
3.12780794952582e+97
-9.94334867721777e+96
2.86746264330662e+96
5.89200979734342e+97
-1.36852828246813e+97
-1.86584893052759e+98
3.35379626605359e+97
-5.18931637423546e+96
-3.81938124919448e+97
4.08835241202057e+96
1.67196172384058e+97
4.3868973523488e+97
6.62270300941768e+97
4.3480594187296e+97
-1.85515346984291e+98
-6.60502854103225e+96
1.7539013074306e+97
-4.4198182894133e+97
1.05721463691625e+98
2.51657760427769e+96
-5.42477630983165e+96
1.11037635105207e+97
-2.15817818318418e+97
3.98313354926581e+97
-6.97997969566299e+97
1.1612491498842e+98
-1.83386439217004e+98
-2.3261441533034e+96
3.30699256557742e+96
-4.45913042873461e+96
5.70059637878247e+96
-6.90636110360004e+96
7.92527029354765e+96
-8.60916256378787e+96
8.8471418330223e+96
-8.59444757145165e+96
7.88578387636585e+96
-6.82779735334436e+96
5.57283222059943e+96
-4.28282888474867e+96
3.09519643457595e+96
-2.10052928843479e+96
-1.58284922222779e+98
9.42650768904549e+97
-5.2435004528052e+97
2.71822257226808e+97
-1.30995147281326e+97
5.8520003408031e+96
-2.41567826675909e+96
-8.80030330944941e+97
3.06649106988602e+97
-9.74842138717662e+96
2.81124951506842e+96
5.77872970981833e+97
-1.34221688573838e+97
-1.83065430882217e+98
3.29053519919081e+97
-5.0914327604115e+96
-3.74867526370967e+97
4.01266711759818e+96
1.64157381338365e+97
4.30859298330269e+97
6.50657005623774e+97
4.27313209693462e+97
-1.82015904455754e+98
-6.47803466544575e+96
1.7201793129267e+97
-4.33483910898064e+97
1.03688772935071e+98
2.46724125432948e+96
-5.31842605360814e+96
1.08860793015629e+97
-2.11586808466035e+97
3.90504603067457e+97
-6.84314036887023e+97
1.13848338776705e+98
-1.79791231255247e+98
-2.27962757746285e+96
3.24086167929095e+96
-4.36995990629075e+96
5.58659989942566e+96
-6.76825259397144e+96
7.76678635710143e+96
-8.43700263067186e+96
8.67022295517237e+96
-8.42258189080134e+96
7.72808954747928e+96
-6.69125988789801e+96
5.46139065860845e+96
-4.19718389650889e+96
3.03330088039059e+96
-2.0585243851715e+96
-1.55181816790802e+98
9.2417051984874e+97
-5.14070395644721e+97
2.66493302551995e+97
-1.28427045523724e+97
5.73727446760353e+96
-2.36831996400354e+96
-8.63110102318476e+97
3.0075320439381e+97
-9.56098974993456e+96
2.75719798308975e+96
5.66972329421203e+97
-1.31689812842554e+97
-1.79676281865598e+98
3.22961646446845e+97
-4.99717342850269e+96
-3.6805395582952e+97
3.93973310947717e+96
1.61227077879686e+97
4.23303497601885e+97
6.39443979894306e+97
4.20074335612218e+97
-1.78646039550828e+98
-6.35583203439828e+96
1.68772958710327e+97
-4.25306603651577e+97
1.01732771860852e+98
2.41980213681392e+96
-5.21616550332228e+96
1.06767661531716e+97
-2.07518502381748e+97
3.82996137296503e+97
-6.71156320795693e+97
1.11659308465376e+98
-1.76334277276337e+98
-2.23493493377734e+96
3.17732380959914e+96
-4.28428579321464e+96
5.47707326455572e+96
-6.63555937066259e+96
7.61451663522674e+96
-8.27159315323821e+96
8.50024113317021e+96
-8.25745512837863e+96
7.57657847289741e+96
-6.56007610824544e+96
5.35431876260826e+96
-4.11489708086672e+96
2.97383227449749e+96
-2.01816651022041e+96
-1.52198041554171e+98
9.0640093042913e+97
-5.04186050866672e+97
2.61369273316054e+97
-1.25957700355819e+97
5.62696038851486e+96
-2.32278282921473e+96
-8.46828243435191e+97
2.95079743586924e+97
-9.38062957100104e+96
2.70518571816617e+96
5.56475318252518e+97
-1.2925168774163e+97
-1.76410340046061e+98
3.17091233486104e+97
-4.90634074694673e+96
-3.61483648470743e+97
3.8694030458398e+96
1.58399554273853e+97
4.16008133725545e+97
6.28610880657889e+97
4.13076633359191e+97
-1.75398686108923e+98
-6.23815452190717e+96
1.65648146277397e+97
-4.17432099120588e+97
9.98492007990597e+97
2.3741528792953e+96
-5.11776320514807e+96
1.04753503114635e+97
-2.03603691967701e+97
3.75770963146922e+97
-6.58495040456637e+97
1.09552869459267e+98
-1.73007752898613e+98
-2.19196100965547e+96
3.11622937966501e+96
-4.20190640091379e+96
5.37175863346507e+96
-6.5079690556268e+96
7.46810266409723e+96
-8.11254473485427e+96
8.33679620643785e+96
-8.09867855306612e+96
7.43089397468998e+96
-6.43393718969446e+96
5.25136447059268e+96
-4.03577472330478e+96
2.91665061958786e+96
-1.97936065556826e+96
-1.49326843106065e+98
8.89301781372425e+97
-4.9467463895051e+97
2.5643857191001e+97
-1.23581522718781e+97
5.52080842118781e+96
-2.27896379468511e+96
-8.31149296498622e+97
2.89616369195691e+97
-9.20694807120237e+96
2.65509945064231e+96
5.46359926565337e+97
-1.26902200829541e+97
-1.73261006889942e+98
3.11430420409293e+97
-4.8187511966847e+96
-3.55143805104927e+97
3.80153992124208e+96
1.55669496276126e+97
4.08959969636964e+97
6.18138720386257e+97
4.06308248116238e+97
-1.72267282573126e+98
-6.12475535266117e+96
1.62636941113677e+97
-4.09843884093117e+97
9.80341098108529e+97
2.33019406151279e+96
-5.02300484710203e+96
1.02813931095307e+97
-1.99833851092621e+97
3.68813344789591e+97
-6.46302620651078e+97
1.07524434108565e+98
-1.69804413226821e+98
-2.15060853200248e+96
3.05744009993967e+96
-4.12263526051389e+96
5.27041762248605e+96
-6.38519284332585e+96
7.32721303009662e+96
-7.95949736333346e+96
8.17951821110729e+96
-7.945892767973e+96
7.29070629037282e+96
-6.31255761192308e+96
5.15229474152945e+96
-3.95963772729158e+96
2.86162648275845e+96
-1.94201898264821e+96
-1.46561968208149e+98
8.72835832111352e+97
-4.85515444807487e+97
2.51690459663063e+97
-1.2129333748876e+97
5.41858737516308e+96
-2.2367674260731e+96
-8.16040381938457e+97
2.84351624238274e+97
-9.03958103133422e+96
2.60683414698673e+96
5.36605715279206e+97
-1.2463660475139e+97
-1.70222146788676e+98
3.05968178680128e+97
-4.73423413357617e+96
-3.4902250896004e+97
3.73601617584021e+96
1.53031949797118e+97
4.0214665037724e+97
6.08009756058634e+97
3.99758089499565e+97
-1.69245727737428e+98
-6.01540537463401e+96
1.59733258308313e+97
-4.02526624636703e+97
9.62838310395335e+97
2.2878334925772e+96
-4.93169170095607e+96
1.00944877782527e+97
-1.96201073605286e+97
3.62108690630699e+97
-6.34553491300221e+97
1.05569748355746e+98
-1.6671754018039e+98
-2.11078743218134e+96
3.00082792318466e+96
-4.04629971381655e+96
5.17282950365721e+96
-6.26696331838599e+96
7.19154086550884e+96
-7.81211769052155e+96
8.02806458440726e+96
-7.7987649946705e+96
7.1557100810742e+96
-6.19567300145939e+96
5.05689379439726e+96
-3.88632026094744e+96
2.80864001745823e+96
-1.90606015859198e+96
-1.43897618328337e+98
8.56968550038592e+97
-4.76689259653296e+97
2.47114978770382e+97
-1.19088345852744e+97
5.32008287107212e+96
-2.19610522857698e+96
-8.01470968258428e+97
2.79274869926077e+97
-8.87819024268109e+96
2.56029227457272e+96
5.27193679296973e+97
-1.22450485221462e+97
-1.67288047162653e+98
3.00694240141717e+97
-4.65263067880362e+96
-3.43108650924714e+97
3.67271289517447e+96
1.5048229090088e+97
3.95556630819084e+97
5.98207388844659e+97
3.93415770921461e+97
-1.6632834107071e+98
-5.90989151349122e+96
1.56931439878054e+97
-3.95466062673497e+97
9.45949539714393e+97
2.24698556559777e+96
-4.84363923106024e+96
9.91425659874908e+96
-1.92698017988284e+97
3.55643451164715e+97
-6.23223908464397e+97
1.03684861955454e+98
-1.63740895464152e+98
-2.07241419114897e+96
2.94627411347638e+96
-3.97273965794995e+96
5.07878959987208e+96
-6.15303251129547e+96
7.06080161736847e+96
-7.67009660861521e+96
7.88211767398484e+96
-7.65698665365263e+96
7.02562221150068e+96
-6.08303820949547e+96
4.9649615393017e+96
-3.81566855132682e+96
2.75758009211722e+96
-1.87140876488103e+96
-1.4132840904869e+98
8.41667868764353e+97
-4.68178246538693e+97
2.42702882584377e+97
-1.16962091714891e+97
5.22509583989327e+96
-2.15689502743481e+96
-7.87412666105825e+97
2.7437621390667e+97
-8.7224612258477e+96
2.51538314383488e+96
5.18106123914673e+97
-1.20339732317129e+97
-1.64453382621172e+98
2.95599032595355e+97
-4.57379272208549e+96
-3.37391862264518e+97
3.61151908994878e+96
1.48016198752902e+97
3.89179110384378e+97
5.88716073336918e+97
3.87271554633963e+97
-1.6350982707463e+98
-5.80801538685378e+96
1.54226217970367e+97
-3.88648923252344e+97
9.29643032555437e+97
2.20757068023189e+96
-4.75867584958104e+96
9.74034835452481e+96
-1.89317857836743e+97
3.49405027577907e+97
-6.12291794181295e+97
1.01866101828621e+98
-1.60868678488701e+98
-2.03541125474718e+96
2.89366841494693e+96
-3.90180642450332e+96
4.98810785195346e+96
-6.04317016239258e+96
6.93473105533137e+96
-7.53314708612628e+96
7.74138251404987e+96
-7.52027120399871e+96
6.90017976773239e+96
-5.97442559562246e+96
4.87631217666379e+96
-3.74753980786755e+96
2.7083435121242e+96
-1.83799476934819e+96
-1.38849333745461e+98
8.26903971816343e+97
-4.59965820032468e+97
2.38445573242533e+97
-1.1491043163846e+97
5.13344118015511e+96
-2.11906041362423e+96
-7.73839043639937e+97
2.69646445928378e+97
-8.57210118552646e+96
2.47202231846499e+96
5.09326553796942e+97
-1.18300514691334e+97
-1.61713182705414e+98
2.90673621819678e+97
-4.49758202454054e+96
-3.31862453954206e+97
3.55233104662928e+96
1.45629631185115e+97
3.83003973976589e+97
5.79521235289037e+97
3.81316301842847e+97
-1.60785243204883e+98
-5.70959205945667e+96
1.51612681807862e+97
-3.8206283124897e+97
9.13889187782492e+97
2.16951472496137e+96
-4.67664180048731e+96
9.57243604714391e+96
-1.86054237459109e+97
3.4338168980514e+97
-6.01736592869982e+97
1.00110048172602e+98
-1.58095488643109e+98
-1.9997065105339e+96
2.84290830801437e+96
-3.83336177663195e+96
4.90060753654241e+96
-5.93716216856814e+96
6.81308348921574e+96
-7.40100223160962e+96
7.60558483557925e+96
-7.38835221041044e+96
6.77913828364419e+96
-5.86962349220171e+96
4.79077294384314e+96
-3.68180125914658e+96
2.66083432369095e+96
-1.80575305375086e+96
-1.36455731025781e+98
8.12649098712001e+97
-4.52036538348993e+97
2.34335045746492e+97
-1.12929507896694e+97
5.04494655402736e+96
-2.08253024689439e+96
-7.60725460672921e+97
2.65076980046187e+97
-8.42683717321428e+96
2.4301310855762e+96
5.00839573052317e+97
-1.16329256363232e+97
-1.59062802803378e+98
2.85909659291295e+97
-4.42386940977119e+96
-3.2651136187921e+97
3.49505174086854e+96
1.43318802587204e+97
3.77021738448548e+97
5.70609196943807e+97
3.75541427354474e+97
-1.58149970947032e+98
-5.61444892276747e+96
1.49086247937646e+97
-3.75696236394561e+97
8.98660377303172e+97
2.13274861201018e+96
-4.59738815701115e+96
9.41021484417099e+96
-1.82901231992393e+97
3.37562502918558e+97
-5.91539142335582e+97
9.84135130004069e+97
-1.55416291403719e+98
-1.96523281872841e+96
2.79389834254496e+96
-3.76727700989674e+96
4.81612411660252e+96
-5.8348091906333e+96
6.69563017091206e+96
-7.27341355766954e+96
7.47446928233572e+96
-7.26098161018515e+96
6.66227015077721e+96
-5.76843482757375e+96
4.70818299140427e+96
-3.61832928926887e+96
2.61496318972123e+96
-1.77462299020963e+96
-1.34143255475331e+98
7.98877370749077e+97
-4.44376006444128e+97
2.3036383772711e+97
-1.11015724263863e+97
4.95945130582394e+96
-2.04723820932904e+96
-7.48048919393418e+97
2.60659802605947e+97
-8.28641443362241e+96
2.3896359788408e+96
4.92630795134976e+97
-1.14422615791189e+97
-1.56497897878758e+98
2.8129933496339e+97
-4.35253403320837e+96
-3.21330097254449e+97
3.4395903067772e+96
1.41080163869891e+97
3.71223504009736e+97
5.61967109146671e+97
3.69938858282124e+97
