5.06413381352662e+68
-4.96484083038221e+72
1.21697169008775e+76
-1.32560718801973e+79
8.11933546708045e+81
-3.18098744777544e+84
8.64776711333257e+86
-1.72553061894522e+89
2.63290259688877e+91
-1.51614458261304e+98
3.04744246742097e+97
-1.3926931403403e+98
-3.99621550788189e+97
3.37011864146183e+97
3.78267487413998e+97
-2.13124671558914e+97
8.69138503125934e+97
-1.09053816550604e+97
1.84365537880621e+97
5.725820276162e+97
-1.53145710815295e+97
-3.10660565409797e+97
-5.29521210139619e+97
-7.59622576861636e+97
-9.1810217519331e+97
-9.35390938908797e+97
-8.03355830490367e+97
-5.81316133617842e+97
-3.5404006507672e+97
-1.81189956840768e+97
-7.77516758286822e+96
7.16990018625375e+97
2.39743426283952e+97
6.69055005355074e+96
-5.02024110779156e+97
-1.09001380332931e+97
7.18253296450768e+97
1.21171217741408e+97
-7.04674865082269e+97
-9.20946447547965e+96
4.74709348291439e+97
4.78360525823799e+96
-2.19356382231135e+97
9.50035554416348e+97
6.92876893719647e+96
-2.68170253972901e+97
9.82244186326245e+97
5.1555586974588e+96
-1.6934042590469e+97
5.27166569823438e+97
4.91630004035699e+68
-4.81990546877327e+72
1.18144538664557e+76
-1.28690951123969e+79
7.88231218501705e+81
-3.0881265372873e+84
8.39531709031613e+86
-1.67515800018881e+89
2.5560414137982e+91
-1.49447334353713e+98
2.96867995654718e+97
-1.36133018113612e+98
-3.95018831619135e+97
3.33456448768508e+97
3.74220536921607e+97
-2.10521634845302e+97
8.59784040479552e+97
-1.07350620005839e+97
1.82173525928482e+97
5.65691856840124e+97
-1.51257091011071e+97
-3.0678131818992e+97
-5.22824928574993e+97
-7.49892722810095e+97
-9.06188974186228e+97
-9.23093000204159e+97
-7.92652388308103e+97
-5.73465930733439e+97
-3.49193292792078e+97
-1.78674905244131e+97
-7.66571696015849e+96
7.06896985971633e+97
2.36320193405051e+97
6.59362843583094e+96
-4.9475161500238e+97
-1.07399055856809e+97
7.07694943898041e+97
1.19363333103349e+97
-6.9416105623566e+97
-9.06997086454161e+96
4.6751903572601e+97
4.7100315214653e+96
-2.15982594199312e+97
9.35423630080467e+97
6.82053261523174e+96
-2.63981087858455e+97
9.66900261012281e+97
5.07374100441397e+96
-1.66653026808206e+97
5.18800540065236e+97
4.77506448167068e+68
-4.68143896692285e+72
1.14750472086194e+76
-1.24993902132073e+79
7.6558679357838e+81
-2.9994102810645e+84
8.15413466457102e+86
-1.62703366407659e+89
2.48261078111229e+91
-1.47341908339181e+98
2.8932186788099e+97
-1.33124354448028e+98
-3.90520156578667e+97
3.29975263025432e+97
3.70259316452908e+97
-2.07980439784284e+97
8.50629541202433e+97
-1.05694990044001e+97
1.80033024634394e+97
5.58965538026523e+97
-1.49414484770498e+97
-3.02997756036809e+97
-5.16295891384364e+97
-7.40408969325802e+97
-8.94580978653907e+97
-9.11114233358986e+97
-7.8223040623977e+97
-5.65824922229762e+97
-3.44477430893986e+97
-1.76228718787339e+97
-7.55930500135115e+96
6.97084164974898e+97
2.32993342530442e+97
6.4994747831426e+96
-4.87686813007512e+97
-1.05843157117781e+97
6.97442509015199e+97
1.17608602701796e+97
-6.83956367528328e+97
-8.93463993734692e+96
4.60543292130347e+97
4.63868668033225e+96
-2.12711014135105e+97
9.21254369955854e+97
6.71562585141226e+96
-2.59920788587522e+97
9.52028344519675e+97
4.99447959657851e+96
-1.64049591933912e+97
5.10695895830873e+97
4.64002869027862e+68
-4.54905068775032e+72
1.11505394020907e+76
-1.21459141784276e+79
7.43936387685911e+81
-2.91458839400225e+84
7.92353941188314e+86
-1.58102184183504e+89
2.41240353614016e+91
-1.45295558445849e+98
2.82087037709246e+97
-1.30235952240084e+98
-3.86122058452437e+97
3.265660064503e+97
3.66381128847597e+97
-2.05498934231718e+97
8.4166863881465e+97
-1.04085063547853e+97
1.77942239414894e+97
5.52397295197647e+97
-1.4761623076825e+97
-2.99306381885424e+97
-5.09927910345245e+97
-7.31162096054947e+97
-8.83266608418782e+97
-8.99442372330184e+97
-7.72078926454721e+97
-5.58384856125132e+97
-3.39887246301414e+97
-1.73848607275798e+97
-7.45580689681626e+96
6.87540046260791e+97
2.2975885970366e+97
6.40797219089584e+96
-4.80820932877224e+97
-1.0433169523158e+97
6.87482886249882e+97
1.15904716301649e+97
-6.74047363713516e+97
-8.80328810360947e+96
4.53772654190604e+97
4.56947096091067e+96
-2.0953706681698e+97
9.07507958689032e+97
6.61389733809063e+96
-2.55983499965534e+97
9.37606986988913e+97
4.91765651544376e+96
-1.61526246794343e+97
5.02840575614085e+97
4.51082460033628e+68
-4.42237978074187e+72
1.08400459321204e+76
-1.18077035330194e+79
7.23220987896506e+81
-2.83342967473198e+84
7.70290279114586e+86
-1.53699711680391e+89
2.34522831090151e+91
-1.43305810579889e+98
2.7514603017137e+97
-1.2746098794265e+98
-3.8182122161638e+97
3.23226472657305e+97
3.62583388973729e+97
-2.03075063845638e+97
8.32895235161592e+97
-1.02519070289245e+97
1.75899458090617e+97
5.45981620699526e+97
-1.45860746703462e+97
-2.95703867030435e+97
-5.03715098806858e+97
-7.22143337554871e+97
-8.72234861817769e+97
-8.88065771644793e+97
-7.62187552645079e+97
-5.51137908816975e+97
-3.3541778118336e+97
-1.71531929238165e+97
-7.35510457977397e+96
6.78253742249922e+97
2.26612950803737e+97
6.31901024633141e+96
-4.74145689807757e+97
-1.02862793319269e+97
6.77803708097682e+97
1.14249495634494e+97
-6.64421377001064e+97
-8.67574241262528e+96
4.47198207019093e+97
4.50229045671782e+96
-2.06456446080314e+97
8.94165746216168e+97
6.51520479876911e+96
-2.52163715338572e+97
9.2361601884554e+97
4.84316095005449e+96
-1.59079351671939e+97
4.95223248761096e+97
4.38711172640858e+68
-4.30109243537479e+72
1.05427485674572e+76
-1.14838670029861e+79
7.03386003410603e+81
-2.75572024695426e+84
7.49164336095217e+86
-1.49484347143226e+89
2.28090807950306e+91
-1.41370327997492e+98
2.68482604626895e+97
-1.24793135842051e+98
-3.77614473876917e+97
3.19954544581002e+97
3.58863617968033e+97
-2.00706866633685e+97
8.24303486380873e+97
-1.00995327339319e+97
1.73903046210222e+97
5.39713259799781e+97
-1.44146524656285e+97
-2.92187041115116e+97
-4.97651853540759e+97
-7.13344355580839e+97
-8.61475280021968e+97
-8.76973367645257e+97
-7.52546414512701e+97
-5.4407665764052e+97
-3.3106433509684e+97
-1.6927618214765e+97
-7.25708627701206e+96
6.69214945727088e+97
2.23552026698696e+97
6.23248458407114e+96
-4.67653252759694e+97
-1.01434678732184e+97
6.68393293869147e+97
1.12640885108459e+97
-6.55066453030297e+97
-8.5518397935403e+96
4.4081154499325e+97
4.43705670365574e+96
-2.03465095325862e+97
8.81210163344928e+97
6.41941432420202e+96
-2.48456251897942e+97
9.10036456683858e+97
4.77088870371729e+96
-1.56705484102442e+97
4.87833260940426e+97
4.26857467414907e+68
-4.18487943974623e+72
1.02578893733028e+76
-1.11735789885269e+79
6.84380866375522e+81
-2.68126199576568e+84
7.28922252941027e+86
-1.45445343718895e+89
2.21927886054756e+91
-1.39486901837055e+98
2.62081650029128e+97
-1.22226523875984e+98
-3.73498778830701e+97
3.16748190001969e+97
3.55219437828127e+97
-1.98392467859133e+97
8.15887789743392e+97
-9.9512233871178e+96
1.71951442689162e+97
5.33587196334305e+97
-1.42472126768071e+97
-2.8875288282619e+97
-4.91732837886611e+97
-7.04757213374359e+97
-8.50977913964889e+97
-8.66154642603144e+97
-7.43146134917633e+97
-5.37194055510225e+97
-3.26822448498004e+97
-1.67078993404848e+97
-7.1616460950541e+96
6.60413891679583e+97
2.20572689586193e+97
6.14829647768888e+96
-4.61336213811548e+97
-1.00045675915663e+97
6.59240602666047e+97
1.11076943291984e+97
-6.45971301343582e+97
-8.43142635980079e+96
4.34604735902944e+97
4.37368629137433e+96
-2.00559189698465e+97
8.68624644570189e+97
6.32639976621466e+96
-2.4485622721861e+97
8.9685041733272e+97
4.70074170775467e+96
-1.54401422903576e+97
4.80660584423204e+97
4.15492090537643e+68
-4.07345399128396e+72
9.98476534155592e+75
-1.08760737239096e+79
6.66158673482035e+81
-2.60987116328011e+84
7.09514073240606e+86
-1.41572733355596e+89
2.16018855599941e+91
-1.3765344242868e+98
2.55929090538956e+97
-1.19755694051986e+98
-3.6947122870583e+97
3.13605457338745e+97
3.5164856633179e+97
-1.96130075278416e+97
8.07642771305509e+97
-9.80682663236433e+96
1.7004315573883e+97
5.2759863932042e+97
-1.4083618121914e+97
-2.85398511237198e+97
-4.85952966086519e+97
-6.96374351786396e+97
-8.40733293659394e+97
-8.5559959145662e+97
-7.33977799458238e+97
-5.30483407461795e+97
-3.22687887504794e+97
-1.64938112013797e+97
-7.06868363855726e+96
6.51841322107568e+97
2.17671720411997e+97
6.06635246394156e+96
-4.55187559963991e+97
-9.86941998511711e+96
6.50335190168884e+97
1.09555835097308e+97
-6.37125249929129e+97
-8.31435677154836e+96
4.28570288084594e+97
4.31210050746823e+96
-1.97735119771383e+97
8.56393557410611e+97
6.23604218346843e+96
-2.41359037808148e+97
8.84041039285396e+97
4.63262757753298e+96
-1.5216413359225e+97
4.73695772686078e+97
4.04587874304799e+68
-3.96654973781738e+72
9.72272359272018e+75
-1.05906400495326e+79
6.48675866029299e+81
-2.54137709446452e+84
6.90893403303789e+86
-1.37857258857836e+89
2.10349591412985e+91
-1.35867971307153e+98
2.50011800322539e+97
-1.17375566918578e+98
-3.65529037649625e+97
3.10524471687735e+97
3.48148812260443e+97
-1.93917974685393e+97
7.99563274314426e+97
-9.66619738974931e+96
1.68176759063784e+97
5.21743010461447e+97
-1.39237378480511e+97
-2.82121177748293e+97
-4.80307388711288e+97
-6.88188567084519e+97
-8.30732399704477e+97
-8.45298690950579e+97
-7.2503292827556e+97
-5.23938348930672e+97
-3.18656629801685e+97
-1.62851400889882e+97
-6.97810365804884e+96
6.43488453539929e+97
2.14846067268401e+97
5.98656399665348e+96
-4.49200647169105e+97
-9.73787500228448e+96
6.41667168880073e+97
1.08075824597505e+97
-6.28518203448252e+97
-8.20049365040496e+96
4.22701120255769e+97
4.25222501131601e+96
-1.94989476589896e+97
8.44502137632265e+97
6.14822933405197e+96
-2.37960339468039e+97
8.7159241076764e+97
4.56645920653757e+96
-1.49990755051474e+97
4.66929918904535e+97
3.94119557231409e+68
-3.86391901711294e+72
9.47115706193902e+75
-1.03166167052204e+79
6.3189194177866e+81
-2.47562111049112e+84
6.73017104597219e+86
-1.34290312592636e+89
2.04906959525731e+91
-1.34128613862479e+98
2.44317526515526e+97
-1.15081409614441e+98
-3.61669535430886e+97
3.07503431094215e+97
3.44718070905773e+97
-1.91754525739645e+97
7.91644348313585e+97
-9.52919743581363e+96
1.66350888306672e+97
5.16015932474175e+97
-1.37674467818047e+97
-2.78918258575039e+97
-4.74791479090834e+97
-6.8019299030702e+97
-8.20966636801663e+97
-8.35242870979363e+97
-7.16303449894473e+97
-5.17552825618848e+97
-3.14724851587892e+97
-1.60816829744313e+97
-6.88981572440331e+96
6.35346947016024e+97
2.12092834684635e+97
5.90884712755931e+96
-4.43369176382483e+97
-9.60979048601914e+96
6.33227171504625e+97
1.0663526841797e+97
-6.20140604803307e+97
-8.08970704169356e+96
4.16990533794902e+97
4.19398953472011e+96
-1.92319037943888e+97
8.32936429794947e+97
6.06285521034689e+96
-2.34656029291166e+97
8.59489503798728e+97
4.50215439474488e+96
-1.47878587323797e+97
4.60354617953163e+97
3.84063623015332e+68
-3.76533127697056e+72
9.22950061943685e+75
-1.00533881145771e+79
6.15769196603564e+81
-2.4124554930513e+84
6.55845018866513e+86
-1.30863881514373e+89
1.99678733250699e+91
-1.32433592569106e+98
2.38834819462577e+97
-1.12868807083354e+98
-3.57890161527173e+97
3.0454060303883e+97
3.41354319840121e+97
-1.89638158058018e+97
7.83881238899129e+97
-9.3956950120954e+96
1.64564237722232e+97
5.10413218176709e+97
-1.36146254029433e+97
-2.75787247743093e+97
-4.69400820668935e+97
-6.72381068039667e+97
-8.11427809117623e+97
-8.25423487950818e+97
-7.07781676932006e+97
-5.11321074816148e+97
-3.10888915480008e+97
-1.58832468495396e+97
-6.80373392772106e+96
6.27408880317656e+97
2.09409273730291e+97
5.83312221168735e+96
-4.37687171456707e+97
-9.4850316613656e+96
6.25006317183219e+97
1.05232609649451e+97
-6.11983399738745e+97
-7.98187391966848e+96
4.1143218723797e+97
4.13732760681293e+96
-1.89720755753168e+97
8.21683232617832e+97
5.979819612115e+96
-2.31442229138629e+97
8.47718113670939e+97
4.43963550795765e+96
-1.45825080421766e+97
4.53961931571944e+97
3.74398154903594e+68
-3.67057164566802e+72
8.99722757711159e+75
-9.80038057037651e+78
6.00272490871369e+81
-2.35174257271106e+84
6.39339719213251e+86
-1.27570497701588e+89
1.94653517525025e+91
-1.30781220741067e+98
2.33552969449807e+97
-1.10733636095947e+98
-3.54188459570016e+97
3.01634321125231e+97
3.38055614932724e+97
-1.87567367550315e+97
7.76269378082373e+97
-9.26556445976039e+96
1.62815557063346e+97
5.04930860279521e+97
-1.34651594396058e+97
-2.72725750549454e+97
-4.64131195209705e+97
-6.64746544502006e+97
-8.02108097344545e+97
-8.15832300007287e+97
-6.99460283519189e+97
-5.05237608054842e+97
-3.07145359288627e+97
-1.56896481161634e+97
-6.71977659850149e+96
6.19666722256906e+97
2.0679277286066e+97
5.75931363510959e+96
-4.32148958713103e+97
-9.36347066242317e+96
6.16996180321772e+97
1.03866372235239e+97
-6.04038004199602e+97
-7.87687773179516e+96
4.06020072788015e+97
4.08217630096492e+96
-1.87191744461716e+97
8.10730048714753e+97
5.89902775419275e+96
-2.28315270455985e+97
8.36264803335017e+97
4.37882916513472e+96
-1.43827824057902e+97
4.47744356395062e+97
3.65102704478622e+68
-3.57943964818815e+72
8.7738465329989e+75
-9.55705880148935e+78
5.85369039287879e+81
-2.29335390250994e+84
6.23466286430969e+86
-1.24403193517154e+89
1.89820680757172e+91
-1.29169896765767e+98
2.28461949241966e+97
-1.08672041765034e+98
-3.50562072123086e+97
2.98782981955513e+97
3.34820086595292e+97
-1.85540712981618e+97
7.68804375216758e+97
-9.13868587834558e+96
1.61103648663521e+97
4.99565021827402e+97
-1.33189395833503e+97
-2.69731477454428e+97
-4.58978571789586e+97
-6.57283444840311e+97
-7.93000037323345e+97
-8.06461443954237e+97
-6.91332284297031e+97
-4.99297194987859e+97
-3.03490885596173e+97
-1.5500712019606e+97
-6.63786604920786e+96
6.12113308844426e+97
2.04240849439881e+97
5.68734956310222e+96
-4.26749148045008e+97
-9.24498609522098e+96
6.09188761787519e+97
1.02535155789965e+97
-5.96296274200073e+97
-7.77460797853044e+96
4.00748494654563e+97
4.02847600166851e+96
-1.84729270347938e+97
8.00065038296767e+97
5.82038990556306e+96
-2.25271680303932e+97
8.25116852233846e+97
4.31966595106778e+96
-1.41884538207222e+97
4.41694794571497e+97
3.56158173051734e+68
-3.4917480418114e+72
8.55889851759003e+75
-9.32292287059074e+78
5.71028220520299e+81
-2.23716951453127e+84
6.08192106124035e+86
-1.21355461210728e+89
1.85170293147244e+91
-1.27598098773936e+98
2.23552361817806e+97
-1.06680416280517e+98
-3.47008735770352e+97
2.95985042181166e+97
3.3164593624167e+97
-1.83556812745134e+97
7.61482008450989e+97
-9.0149448068008e+96
1.59427364701502e+97
4.94312027244406e+97
-1.31758612225677e+97
-2.66802238371571e+97
-4.53939096514504e+97
-6.49986059533411e+97
-7.84096500106881e+97
-7.97303413760796e+97
-6.83391014860077e+97
-4.93494848391078e+97
-2.9992235206998e+97
-1.53162721225042e+97
-6.55792833450513e+96
6.04741821179659e+97
2.01751141884084e+97
5.61716170695346e+96
-4.21482615420228e+97
-9.12946263336565e+96
6.01576462264615e+97
1.01237630811787e+97
-5.88750477979811e+97
-7.67495982541826e+96
3.95612049058778e+97
3.97617018958252e+96
-1.82330741667688e+97
7.89676976481414e+97
5.74382105691565e+96
-2.22308168491592e+97
8.14262209174705e+97
4.26208015203984e+96
-1.39993064424633e+97
4.35806526735537e+97
3.47546704143005e+68
-3.40732176173427e+72
8.35195441885347e+75
-9.09750535336442e+78
5.57221404832614e+81
-2.18307724333884e+84
5.9348668520091e+86
-1.18421216353472e+89
1.80693070694138e+91
-1.26064379707553e+98
2.18815392768054e+97
-1.04755379623698e+98
-3.43526276493036e+97
2.93239015718138e+97
3.28531432947449e+97
-1.8161434183073e+97
7.54298216673013e+97
-8.89423192516708e+96
1.57785604634893e+97
4.89168353937863e+97
-1.30358241928944e+97
-2.6393593732567e+97
-4.49009082907058e+97
-6.42848929825854e+97
-7.75390673351264e+97
-7.88351040508638e+97
-6.75630113532462e+97
-4.87825810199295e+97
-2.96436762450823e+97
-1.51361698158274e+97
-6.47989302861557e+96
5.9754576491958e+97
1.99321402372233e+97
5.54868510782753e+96
-4.16344486663295e+97
-9.01679064363024e+96
5.94152057582699e+97
9.99725342535494e+96
-5.81393270247847e+97
-7.57783374463832e+96
3.90605605756779e+97
3.92520524310758e+96
-1.79993699555331e+97
7.79555213885086e+97
5.66924061410614e+96
-2.19421615712187e+97
8.03689448873042e+97
4.20600951234903e+96
-1.38151357847656e+97
4.30073187110816e+97
3.39251586012566e+68
-3.32599696751559e+72
8.15261263017041e+75
-8.88036879517082e+78
5.43921798111036e+81
-2.13097211434932e+84
5.79321485345724e+86
-1.15594764553319e+89
1.76380324579992e+91
-1.24567362751325e+98
2.14242766882184e+97
-1.02893762050004e+98
-3.40112605315782e+97
2.9054347111546e+97
3.25474910296496e+97
-1.79712028975538e+97
7.47249091912188e+97
-8.77644277536857e+96
1.56177312790713e+97
4.84130624421174e+97
-1.28987325433733e+97
-2.61130567451398e+97
-4.44185002913347e+97
-6.35866834110312e+97
-7.66876043933177e+97
-7.79597473676672e+97
-6.6804350437174e+97
-4.82285538493707e+97
-2.93031258162571e+97
-1.49602538639746e+97
-6.4036930183828e+96
5.90518951196006e+97
1.96949490077419e+97
5.48185793624677e+96
-4.11330122409645e+97
-8.90686583892966e+96
5.86908675850054e+97
9.87386654218969e+96
-5.74217668333775e+97
-7.48313518343119e+96
3.85724290948338e+97
3.87553025502813e+96
-1.77715809615702e+97
7.69689640207665e+97
5.59657211519044e+96
-2.16609062591168e+97
7.93387731838349e+97
4.1513950098012e+96
-1.36357479822226e+97
4.24488740553966e+97
3.31257163233785e+68
-3.24762017373075e+72
7.96049693173689e+75
-8.67110339097885e+78
5.31104299700995e+81
-2.08075578834963e+84
5.6566977235105e+86
-1.1287077138984e+89
1.72223915250662e+91
-1.23105737096699e+98
2.09826708504123e+97
-1.01092588154434e+98
-3.36765714204004e+97
2.87897029067634e+97
3.22474763402281e+97
-1.77848653984041e+97
7.40330872169441e+97
-8.6614774997214e+96
1.54601476101823e+97
4.79195598918348e+97
-1.27644943172161e+97
-2.58384206307551e+97
-4.3946347848334e+97
-6.29034775187831e+97
-7.58546381700001e+97
-7.71036163658833e+97
-6.60625381305044e+97
-4.7686969536611e+97
-2.89703110493601e+97
-1.47883799812289e+97
-6.32926431076666e+96
5.83655478863645e+97
1.94633364875727e+97
5.41662130589103e+96
-4.0643510413408e+97
-8.79958895637358e+96
5.79839776239217e+97
9.75348821763688e+96
-5.67217030083438e+97
-7.39077425707778e+96
3.80963471451256e+97
3.82709686290302e+96
-1.75494854146513e+97
7.60070650547662e+97
5.52574296894576e+96
-2.1386769956596e+97
7.83346767306054e+97
4.09818064846934e+96
-1.34609591095614e+97
4.19047461363817e+97
3.235487561541e+68
-3.17204746172398e+72
7.77525455048564e+75
-8.46932487596454e+78
5.1874537337001e+81
-2.03233605518691e+84
5.52506477944008e+86
-1.10244234864238e+89
1.68216210433033e+91
-1.21678254010353e+98
2.05559905284113e+97
-9.9349062355896e+97
-3.33483672195691e+97
2.85298360061713e+97
3.19529446092818e+97
-1.76023045206052e+97
7.33539934647496e+97
-8.54924059587665e+96
1.53057121979006e+97
4.7436016841629e+97
-1.26330213461126e+97
-2.55695011483883e+97
-4.34841273682563e+97
-6.22347968340608e+97
-7.50395724267527e+97
-7.62660845421228e+97
-6.5337019331055e+97
-4.71574135591667e+97
-2.86449713305005e+97
-1.46204104370752e+97
-6.256545853608e+96
5.76949717971839e+97
1.92371081493838e+97
5.3529191005356e+96
-4.01655221165076e+97
-8.69486545830761e+96
5.72939129287394e+97
9.6360097403169e+96
-5.6038503335203e+97
-7.30066546433791e+96
3.76318740033393e+97
3.77985909201689e+96
-1.73328724936752e+97
7.5068911421195e+97
5.45668421299861e+96
-2.11194857524575e+97
7.73556778948962e+97
4.04631326719006e+96
-1.32905945526281e+97
4.13743913699766e+97
3.16112587518564e+68
-3.09914376013343e+72
7.59655440364091e+75
-8.27467260959338e+78
5.06822929937064e+81
-1.98562637356007e+84
5.39808075200302e+86
-1.07710460515231e+89
1.64350047022591e+91
-1.20283723181846e+98
2.0143547499529e+97
-9.76605556557217e+97
-3.30264621752254e+97
2.8274618215064e+97
3.16637468248813e+97
-1.74234077161898e+97
7.26872789355301e+97
-8.43964068701927e+96
1.51543316309324e+97
4.69621348133489e+97
-1.25042290571224e+97
-2.53061216479441e+97
-4.3031528729639e+97
-6.1580183015748e+97
-7.42418362787332e+97
-7.54465523212937e+97
-6.46272630564737e+97
-4.66394896048091e+97
-2.83268576224661e+97
-1.44562136881119e+97
-6.18547936860858e+96
5.70396294362733e+97
1.90160784060083e+97
5.29069781305875e+96
-3.96986458604744e+97
-8.59260525445052e+96
5.66200798586965e+97
9.5213275740736e+96
-5.53715656961543e+97
-7.21272742345396e+96
3.71785901804769e+97
3.7337732098202e+96
-1.71215416591898e+97
7.41536345807195e+97
5.38933028986568e+96
-2.08587999137521e+97
7.64008473128083e+97
3.99574236242048e+96
-1.31244884265386e+97
4.08572933468511e+97
3.08935715596124e+68
-3.02878218870647e+72
7.42408548267739e+75
-8.0868078225342e+78
4.95316219646378e+81
-1.94054545031053e+84
5.27552463896131e+86
-1.052650385703e+89
1.60618696360194e+91
-1.1892100932744e+98
1.97446935119736e+97
-9.60245935421939e+97
-3.27106775314095e+97
2.80239258845007e+97
3.13797393285381e+97
-1.72480668304907e+97
7.20326073062691e+97
-8.33259030623891e+96
1.5005916157208e+97
4.64976271376316e+97
-1.23780362912586e+97
-2.5048112683302e+97
-4.25882545891416e+97
-6.09391968057271e+97
-7.34608828612381e+97
-7.46444456252059e+97
-6.39327611482822e+97
-4.61328185824471e+97
-2.80157318289805e+97
-1.42956640344904e+97
-6.11600919556565e+96
5.63990075307288e+97
1.88000701026853e+97
5.22990639554804e+96
-3.92424986081574e+97
-8.49272244341067e+96
5.59619123752972e+97
9.40934305363814e+96
-5.47203163001992e+97
-7.12688262700663e+96
3.67360961581391e+97
3.68879759088929e+96
-1.69153020341552e+97
7.32604078420573e+97
5.32361883937878e+96
-2.06044710823838e+97
7.54693009466119e+97
3.94641992421454e+96
-1.29624830369247e+97
4.03529611552283e+97
3.02005973222113e+68
-2.96084346099728e+72
7.25755539488245e+75
-7.90541201816978e+78
4.84205734659406e+81
-1.89701685765168e+84
5.15718866507665e+86
-1.02903823188134e+89
1.57015832488347e+91
-1.17589029029295e+98
1.9358817494064e+97
-9.44388449274338e+97
-3.24008412047675e+97
2.77776397115953e+97
3.11007835768371e+97
-1.70761778912087e+97
7.13896543583063e+97
-8.22800569407557e+96
1.48603795064424e+97
4.60422183756337e+97
-1.22543651329467e+97
-2.4795311648794e+97
-4.21540197301308e+97
-6.03114170459682e+97
-7.26961880795451e+97
-7.38592145315189e+97
-6.32530270585877e+97
-4.56370376967879e+97
-2.7711366200399e+97
-1.41386412989956e+97
-6.04808214698621e+96
5.57726156098479e+97
1.85889140435193e+97
5.170496119623e+96
-3.8796714726977e+97
-8.39513507202315e+96
5.53188704564874e+97
9.29996210151933e+96
-5.4084208036708e+97
-7.04305721407054e+96
3.63040112140823e+97
3.64489259153003e+96
-1.67139718289266e+97
7.23884438715734e+97
5.25949050611226e+96
-2.03562695297795e+97
7.45601973547752e+97
3.89830028419916e+96
-1.28044283805926e+97
3.98609278264089e+97
2.95311911627071e+68
-2.895215334188e+72
7.09668901130615e+75
-7.73018550871259e+78
4.73473119017294e+81
-1.85496868037501e+84
5.04287732199952e+86
-1.0062291327721e+89
1.53535502951477e+91
-1.16286747791132e+98
1.89853429905262e+97
-9.29011120156684e+97
-3.20967874771807e+97
2.75356445502435e+97
3.08267459156981e+97
-1.69076409094532e+97
7.07581074363439e+97
-8.12580660832119e+96
1.47176387229202e+97
4.55956437744132e+97
-1.21331407496053e+97
-2.45475624374737e+97
-4.17285504507122e+97
-5.96964397557508e+97
-7.19472494360286e+97
-7.30903320164497e+97
-6.2587594713377e+97
-4.51517995820274e+97
-2.74135427777273e+97
-1.39850305270455e+97
-5.98164737228301e+96
5.51599847528061e+97
1.83824485494953e+97
5.11242044617077e+96
-3.83609450114884e+97
-8.2997649110904e+96
5.46904386189206e+97
9.19309496441321e+96
-5.34627189425015e+97
-6.96118075826182e+96
3.58819723296927e+97
3.60202043323097e+96
-1.65173778068194e+97
7.15369923786305e+97
5.19688876056301e+96
-2.01139764647852e+97
7.36727351569545e+97
3.85133997453821e+96
-1.26501816822739e+97
3.93807488926477e+97
2.88842749724577e+68
-2.83179211048518e+72
6.94122724821136e+75
-7.56084608166038e+78
4.63101087174427e+81
-1.81433319744802e+84
4.93240650428991e+86
-9.84186353161219e+88
1.50172102444165e+91
-1.15013177293185e+98
1.86237258048116e+97
-9.14093210130006e+97
-3.1798356705178e+97
2.72978292316545e+97
3.05574973664919e+97
-1.67423596919743e+97
7.01376649362768e+97
-8.02591614523028e+96
1.45776140078264e+97
4.51576487537005e+97
-1.20142912406546e+97
-2.43047151196701e+97
-4.13115839884505e+97
-5.90938772647692e+97
-7.12135849290337e+97
-7.23372927752012e+97
-6.19360174468106e+97
-4.46767714902247e+97
-2.71220528721097e+97
-1.38347217060372e+97
-5.91665623082341e+96
5.45606664179714e+97
1.81805190456249e+97
5.05563490376302e+96
-3.79348557710847e+97
-8.20653724623663e+96
5.40761245398136e+97
9.08865596757954e+96
-5.28553507734193e+97
-6.88118607039958e+96
3.5469633172788e+97
3.56014509424589e+96
-1.63253547869507e+97
7.07053379623906e+97
5.13575973295072e+96
-1.98773833904089e+97
7.28061506778924e+97
3.80549759696892e+96
-1.24996069644599e+97
3.89120010480233e+97
2.82588326645024e+68
-2.77047417392288e+72
6.79092592861002e+75
-7.39712776126909e+78
4.53073348165652e+81
-1.77504658374226e+84
4.82560269876959e+86
-9.6287527075675e+88
1.46920348134637e+91
-1.13767372830827e+98
1.82734518285719e+97
-8.99615135985658e+97
-3.15053950450758e+97
2.70640863941016e+97
3.02929134232904e+97
-1.65802416638626e+97
6.95280358200664e+97
-7.92826057135844e+96
1.44402285704923e+97
4.47279884219667e+97
-1.18977474953125e+97
-2.40666256404328e+97
-4.09028679792388e+97
-5.85033573982126e+97
-7.04947320184399e+97
-7.15996121145609e+97
-6.12978670013974e+97
-4.42116345303745e+97
-2.68366965771749e+97
-1.3687609502598e+97
-5.85306217316515e+96
5.39742313477148e+97
1.79829776750064e+97
5.00009697508645e+96
-3.75181279778294e+97
-8.11538068270085e+96
5.34754577706499e+97
8.98656328577262e+96
-5.22616276721598e+97
-6.80300901461884e+96
3.50666631497561e+97
3.51923220865186e+96
-1.61377451813613e+97
6.98927981070822e+97
5.0760520586112e+96
-1.96462915054324e+97
7.19597157556636e+97
3.76073370108133e+96
-1.23525746475959e+97
3.84542809038193e+97
2.76539059374742e+68
-2.7111675722666e+72
6.64555475818122e+75
-7.23877969647903e+78
4.43374537188733e+81
-1.73704864355079e+84
4.72230225845054e+86
-9.42263232337192e+88
1.43775257606521e+91
-1.12548430922606e+98
1.79340350413557e+97
-8.85558390855331e+97
-3.12177541928632e+97
2.6834312321343e+97
3.00328738605807e+97
-1.6421197701043e+97
6.89289391560041e+97
-7.83276916530743e+96
1.43054084879736e+97
4.4306427119858e+97
-1.17834430585882e+97
-2.38331555345881e+97
-4.05021599479731e+97
-5.79245227102212e+97
-6.97902466532472e+97
-7.08768249125731e+97
-6.06727325893472e+97
-4.37560829545219e+97
-2.65572823118445e+97
-1.35435930164234e+97
-5.79082062986958e+96
5.34002685430962e+97
1.77896829377758e+97
4.94576599077744e+96
-3.71104564698474e+97
-8.02622696299671e+96
5.28879885356673e+97
8.88673872943902e+96
-5.16810949249075e+97
-6.72658833687739e+96
3.46727465215797e+97
3.47924897228813e+96
-1.59543985636904e+97
6.90987213139235e+97
5.01771673405037e+96
-1.94205111472841e+97
7.11327357010502e+97
3.71701067108847e+96
-1.22089611781645e+97
3.80072038307262e+97
2.70685902434116e+68
-2.65378362457949e+72
6.50489636291159e+75
-7.08556510658929e+78
4.33990151714616e+81
-1.70028255830816e+84
4.62235071714044e+86
-9.223194164069e+88
1.40732127973592e+91
-1.11355487074727e+98
1.76050156653122e+97
-8.71905472079771e+97
-3.09352911379204e+97
2.66084067892024e+97
2.97772625508185e+97
-1.62651419719427e+97
6.83401036828226e+97
-7.73937406871054e+96
1.41730825724222e+97
4.38927379892054e+97
-1.16713140049254e+97
-2.36041716582199e+97
-4.0109226828873e+97
-5.73570297623999e+97
-6.90997023568905e+97
-7.01684846405908e+97
-6.00602200107766e+97
-4.33098234875596e+97
-2.62836263914076e+97
-1.34025755494933e+97
-5.72988890733427e+96
5.28383843032804e+97
1.76004993530936e+97
4.89260303010374e+96
-3.67115492060902e+97
-7.93901079646039e+96
5.23132866086811e+97
8.78910754500847e+96
-5.11133177999164e+97
-6.65186550489272e+96
3.42875815787775e+97
3.440164055035e+96
-1.5775171266922e+97
6.83224853589574e+97
4.96070698281092e+96
-1.91998612728912e+97
7.03245473960235e+97
3.67429262040436e+96
-1.20686486824146e+97
3.75704028808783e+97
2.65020312243148e+68
-2.59823857056819e+72
6.36874543181727e+75
-6.93726035528113e+78
4.24906493706965e+81
-1.66469466203888e+84
4.5256021782279e+86
-9.03014711592298e+88
1.37786517272376e+91
-1.10187713690106e+98
1.72859584612112e+97
-8.5863981476318e+97
-3.06578679297221e+97
2.63862729198321e+97
2.95259672912369e+97
-1.61119917877522e+97
6.77612673962236e+97
-7.64801014584213e+96
1.40431822457506e+97
4.34867025659563e+97
-1.15612988189927e+97
-2.33795459354821e+97
-3.97238445134557e+97
-5.68005484443298e+97
-6.84226893663224e+97
-6.94741624433867e+97
-5.94599508247925e+97
-4.28725746976227e+97
-2.60155526248425e+97
-1.32644643895575e+97
-5.67022609013338e+96
5.22882013249641e+97
1.74152971424722e+97
4.84057082798342e+96
-3.63211265686553e+97
-7.85366969979207e+96
5.17509402623481e+97
8.69359822820556e+96
-5.05578804618196e+97
-6.57878455863005e+96
3.39108798707327e+97
3.40194751893944e+96
-1.55999260079437e+97
6.75634956670069e+97
4.90497813038005e+96
-1.89841689745233e+97
6.95345175203962e+97
3.63254529340874e+96
-1.19315246436955e+97
3.7143527783378e+97
2.59534213025118e+68
-2.54445323478682e+72
6.23690788982782e+75
-6.79365404035609e+78
4.16110614978547e+81
-1.6302342262928e+84
4.43191873346017e+86
-8.84321600346972e+88
1.34934226697983e+91
-1.09044318111174e+98
1.69764511534417e+97
-8.45745730499324e+97
-3.03853514567354e+97
2.61678170432147e+97
2.92788796393686e+97
-1.59616674607446e+97
6.71921771564839e+97
-7.55861485128123e+96
1.39156414211262e+97
4.3088110395491e+97
-1.1453338283152e+97
-2.3159155119731e+97
-3.934579742432e+97
-5.62547613332534e+97
-6.77588138212135e+97
-6.8793446273342e+97
-5.8871561569789e+97
-4.24440664042386e+97
-2.57528919365319e+97
-1.312917060687e+97
-5.6117929493963e+96
5.17493578574862e+97
1.72339519328882e+97
4.78963368787441e+96
-3.5938920709153e+97
-7.77014384777254e+96
5.12005552844783e+97
8.60014234940278e+96
-5.00143849559633e+97
-6.50729197053885e+96
3.354236548527e+97
3.36457074173803e+96
-1.5428531536853e+97
6.68211837928198e+97
4.85048748743524e+96
-1.87732690279086e+97
6.87620408966763e+97
3.5917359738334e+96
-1.17974816015417e+97
3.67262440075266e+97
2.54219966337074e+68
-2.4923527307752e+72
6.10920017702147e+75
-6.65454621755757e+78
4.0759026881134e+81
-1.59685327139369e+84
4.34116994524419e+86
-8.66214055686454e+88
1.32171284922906e+91
-1.07924540786501e+98
1.66761029728607e+97
-8.33208350807684e+97
-3.01176132367777e+97
2.59529485654857e+97
2.90358947567736e+97
-1.58140921701526e+97
6.66325883158948e+97
-7.47112810510172e+96
1.37903963908645e+97
4.26967586689025e+97
-1.13473753711742e+97
-2.29428805680409e+97
-3.89748781130374e+97
-5.5719363090323e+97
-6.71076969998985e+97
-6.81259400750401e+97
-5.82947030295836e+97
-4.2024039121619e+97
-2.54954820106636e+97
-1.29966088632381e+97
-5.55455185679357e+96
5.12215069096441e+97
1.70563444782515e+97
4.73975740010653e+96
-3.5564674935913e+97
-7.68837593340541e+96
5.06617540564565e+97
8.5086743901181e+96
-4.94824502575535e+97
-6.43733651480426e+96
3.31817743747016e+97
3.32800634536639e+96
-1.52608623091323e+97
6.60950060012491e+97
4.79719424078672e+96
-1.85670034701389e+97
6.80065389440327e+97
3.55183339925525e+96
-1.16664168708141e+97
3.6318231888497e+97
2.49070342193272e+68
-2.44186617588559e+72
5.98544854785298e+75
-6.51974762978064e+78
3.99333863171074e+81
-1.5645063816049e+84
4.25323234755105e+86
-8.48667441867992e+88
1.29493932914008e+91
-1.06827653552166e+98
1.63845433074393e+97
-8.21013574864328e+97
-2.9854529218149e+97
2.57415798436905e+97
2.87969112604985e+97
-1.56691918351394e+97
6.60822643648724e+97
-7.38549217509995e+96
1.36673857203228e+97
4.23124518789176e+97
-1.12433551477994e+97
-2.27306080282374e+97
-3.86108868805745e+97
-5.51940598910006e+97
-6.64689745989538e+97
-6.74712630168734e+97
-5.77290395422786e+97
-4.16122435346808e+97
-2.52431669567456e+97
-1.2866697232523e+97
-5.49846670373361e+96
5.07043155045637e+97
1.68823603979217e+97
4.69090916526361e+96
-3.51981431390827e+97
-7.60831103679788e+96
5.01341746892448e+97
8.41913158983656e+96
-4.8961711380842e+97
-6.3688691449422e+96
3.28288537248808e+97
3.29222812908007e+96
-1.50967981789679e+97
6.53844419390165e+97
4.7450593514312e+96
-1.83652212050972e+97
6.72674582330714e+97
3.51280768122626e+96
-1.15382322793585e+97
3.59191858106466e+97
2.44078493084972e+68
-2.39292643790531e+72
5.86548844751318e+75
-6.38907903337154e+78
3.91330419534654e+81
-1.53315054510984e+84
4.16798900948555e+86
-8.31658427026491e+88
1.26898610549083e+91
-1.05752958019554e+98
1.61014204516143e+97
-8.09148021153442e+97
-2.95959795908992e+97
2.55336260666093e+97
2.85618310818245e+97
-1.55268949944313e+97
6.55409765956557e+97
-7.30165156560654e+96
1.35465501474212e+97
4.19350014942345e+97
-1.11412246737722e+97
-2.25222274376436e+97
-3.82536314187881e+97
-5.46785688873742e+97
-6.58422960535281e+97
-6.68290487665332e+97
-5.71742483489732e+97
-4.12084400055758e+97
-2.49957969947885e+97
-1.2739357031799e+97
-5.44350282540572e+96
5.01974639792578e+97
1.67118899310659e+97
4.64305752225484e+96
-3.48390892509122e+97
-7.52989650214961e+96
4.96174702128137e+97
8.33145380240278e+96
-4.84518185439722e+97
-6.30184287912365e+96
3.24833613640963e+97
3.25721100684348e+96
-1.49362241121419e+97
6.46889933912401e+97
4.69404545918158e+96
-1.81677776343385e+97
6.65442691338365e+97
3.47463023061166e+96
-1.14128339227693e+97
3.5528813444084e+97
2.39237929289645e+68
-2.34546989191304e+72
5.7491639207906e+75
-6.26237055069386e+78
3.83569532783165e+81
-1.50274499728024e+84
4.08532910797882e+86
-8.15164898093956e+88
1.24381943688696e+91
-1.04699784061927e+98
1.58264004461133e+97
-7.97598982702135e+97
-2.93418486076353e+97
2.53290051413119e+97
2.8330559331891e+97
-1.53871326922097e+97
6.50085037825766e+97
-7.21955291246194e+96
1.34278324874475e+97
4.15642256511349e+97
-1.1040932916005e+97
-2.23176327327955e+97
-3.79029264716389e+97
-5.41726177003269e+97
-6.52273238957596e+97
-6.61989448074838e+97
-5.66300189796716e+97
-4.08123981086742e+97
-2.47532281588167e+97
-1.26145126624405e+97
-5.38962692933365e+96
4.97006453257803e+97
1.65448277057502e+97
4.59617228074415e+96
-3.44872867387385e+97
-7.45308182227067e+96
4.91113078151843e+97
8.24558336129435e+96
-4.79524363854721e+97
-6.2362126926644e+96
3.21450652089022e+97
3.2229309486723e+96
-1.47790299170526e+97
6.40081831164815e+97
4.64411679338318e+96
-1.79745343115261e+97
6.58364645500938e+97
3.4372736877443e+96
-1.12901319349731e+97
3.51468350304829e+97
2.34542496706833e+68
-2.29943620269793e+72
5.6363270750297e+75
-6.1394610869969e+78
3.76041335968015e+81
-1.47325108051074e+84
4.00514755001848e+86
-7.99165885411697e+88
1.21940732723136e+91
-1.03667488392762e+98
1.55591660007905e+97
-7.86354385593787e+97
-2.9092024413311e+97
2.51276375851231e+97
2.81030041738058e+97
-1.52498383698878e+97
6.44846318779572e+97
-7.13914488376524e+96
1.33111775428238e+97
4.11999488613133e+97
-1.09424306625507e+97
-2.21167216694357e+97
-3.75585935148723e+97
-5.36759439396398e+97
-6.46237331488155e+97
-6.55806117937433e+97
-5.60960526739323e+97
-4.04238961921076e+97
-2.4515322017478e+97
-1.24920914604621e+97
-5.33680702813021e+96
4.92135645711196e+97
1.63810725217426e+97
4.55022445763245e+96
-3.41425181283818e+97
-7.37781853009651e+96
4.86153681275774e+97
8.16146495314153e+96
-4.74632432287046e+97
-6.17193541716362e+96
3.18137427442185e+97
3.18936492564148e+96
-1.46251099925433e+97
6.33415537545884e+97
4.59523908926796e+96
-1.77853586186902e+97
6.51435587335415e+97
3.40071185703662e+96
-1.11700402734546e+97
3.47729827144753e+97
2.29986355574891e+68
-2.25476811867305e+72
5.5268375753621e+75
-6.02019778020886e+78
3.68736466069082e+81
-1.44463211340201e+84
3.92734461425938e+86
-7.83641490837786e+88
1.19571941433531e+91
-1.02655453229405e+98
1.52994154937007e+97
-7.75402750484436e+97
-2.88463988834801e+97
2.49294464226988e+97
2.78790767008812e+97
-1.51149477634219e+97
6.39691537227476e+97
-7.06037808603359e+96
1.31965320175361e+97
4.08420017349357e+97
-1.08456704420861e+97
-2.19193956521418e+97
-3.72204604530001e+97
-5.31882947502537e+97
-6.40312107542652e+97
-6.4973722940489e+97
-5.55720618339865e+97
-4.00427209641173e+97
-2.42819454106098e+97
-1.23720235554889e+97
-5.28501237616762e+96
4.87359381932012e+97
1.62205271460897e+97
4.50518621731207e+96
-3.38045745558449e+97
-7.3040600967101e+96
4.81293445524402e+97
8.07904549891066e+96
-4.69839303908846e+97
-6.10896964581608e+96
3.14891805352559e+97
3.15649085829395e+96
-1.44743630913268e+97
6.26886668020809e+97
4.54737950953574e+96
-1.76001234627169e+97
6.44650861721203e+97
3.36491964572179e+96
-1.10524765180438e+97
3.44069999172669e+97
2.25563961517096e+68
-2.21141128204672e+72
5.420562181362e+75
-5.90443549531245e+78
3.61646033714825e+81
-1.41685326884378e+84
3.85182561952229e+86
-7.68572822370333e+88
1.1727268721472e+91
-1.01663085036097e+98
1.50468620402595e+97
-7.64733156872733e+97
-2.86048674705266e+97
2.47343570879344e+97
2.76586908206546e+97
-1.49823988058314e+97
6.34618687710766e+97
-6.98320497543538e+96
1.30838444359474e+97
4.04902207180091e+97
-1.07506064476296e+97
-2.17255595729953e+97
-3.68883613325051e+97
-5.2709426383041e+97
-6.34494550306688e+97
-6.43779634481878e+97
-5.50577695082224e+97
-3.96686671025878e+97
-2.40529702007114e+97
-1.22542417377826e+97
-5.23421340990007e+96
4.826749357057e+97
1.60630981205951e+97
4.46103081543454e+96
-3.3473255345376e+97
-7.2317618354205e+96
4.76529426313823e+97
7.99827404221465e+96
-4.65142015335464e+97
-6.04727564446191e+96
3.1171173769014e+97
3.12428756820754e+96
-1.43266920978905e+97
6.20491016502568e+97
4.50050657078527e+96
-1.74187069906073e+97
6.38006005470766e+97
3.32987300642303e+96
-1.09373616822787e+97
3.40486407493965e+97
2.21270047175514e+68
-2.16931405278258e+72
5.31737431351649e+75
-5.79203635311927e+78
3.54761593789869e+81
-1.38988146025866e+84
3.77850061732348e+86
-7.53941932169997e+88
1.15040231466925e+91
-1.00689813340918e+98
1.48012326268927e+97
-7.54335209897355e+97
-2.83673290574187e+97
2.4542297330442e+97
2.74417631443768e+97
-1.48521315346233e+97
6.29625828279389e+97
-6.90757977378333e+96
1.29730650657354e+97
4.01444478432086e+97
-1.0657194464236e+97
-2.15351216587344e+97
-3.65621360702619e+97
-5.22391037885568e+97
-6.28781751614124e+97
-6.37930299581193e+97
-5.45529089030865e+97
-3.93015368862604e+97
-2.38282730383444e+97
-1.21386813327915e+97
-5.18438169159515e+96
4.78079684635068e+97
1.5908695580403e+97
4.41773254595296e+96
-3.31483676121021e+97
-7.16088081148233e+96
4.71858794502809e+97
7.919101644257e+96
-4.6053772051586e+97
-5.98681526797213e+96
3.08595258232835e+97
3.09273473249658e+96
-1.41820038198595e+97
6.14224546815824e+97
4.4545900744488e+96
-1.7240992322168e+97
6.31496737538688e+97
3.29554888327481e+96
-1.08246200364337e+97
3.36976694598139e+97
2.17099605901522e+68
-2.12842734552343e+72
5.21715365380332e+75
-5.68286929530565e+78
3.48075118988405e+81
-1.36368523856391e+84
3.70728411145663e+86
-7.39731760496363e+88
1.12871971136616e+91
-9.97350896215938e+97
1.4562267304079e+97
-7.44199009456675e+97
-2.81336858185605e+97
2.43531971263509e+97
2.72282128816685e+97
-1.4724088003837e+97
6.24711077992928e+97
-6.83345838899601e+96
1.28641458447123e+97
3.98045304933621e+97
-1.05653918004278e+97
-2.13479933258762e+97
-3.62416301962419e+97
-5.17771002323466e+97
-6.23170907099652e+97
-6.32186300373144e+97
-5.40572229215948e+97
-3.89411398462386e+97
-2.3607735140562e+97
-1.20252800827315e+97
-5.13548985624907e+96
4.73571105245054e+97
1.57572330829438e+97
4.37526669121879e+96
-3.28297258875806e+97
-7.09137575707288e+96
4.6727883079031e+97
7.84148128495398e+96
-4.56023684982351e+97
-5.92755188160039e+96
3.05540478612475e+97
3.06181284104296e+96
-1.40402087918765e+97
6.08083384202907e+97
4.40960104191179e+96
-1.70668672988987e+97
6.25118949824029e+97
3.26192516134236e+96
-1.07141789413822e+97
3.33538599186832e+97
2.13047875877172e+68
-2.08870447550247e+72
5.11978577165982e+75
-5.57680967671476e+78
3.41578974687241e+81
-1.33823469291652e+84
3.63809478603514e+86
-7.25926082182819e+88
1.10765430489551e+91
-9.87983862555312e+97
1.43297184341448e+97
-7.34315121464241e+97
-2.79038430873451e+97
2.41669885931986e+97
2.70179617400657e+97
-1.45982122004425e+97
6.19872614538876e+97
-6.76079833975608e+96
1.27570403112996e+97
3.947032117685e+97
-1.04751572231407e+97
-2.11640890433264e+97
-3.59266946096329e+97
-5.13231969304878e+97
-6.17659311608582e+97
-6.265448169107e+97
-5.35704637267758e+97
-3.85872924364924e+97
-2.33912420815285e+97
-1.19139780347442e+97
-5.08751156147759e+96
4.69146768361885e+97
1.5608627446559e+97
4.33360947492932e+96
-3.25171517667416e+97
-7.02320699117298e+96
4.62786920436085e+97
7.76536776981537e+96
-4.51597280435219e+97
-5.86945028696006e+96
3.02545584499239e+97
3.03150315626741e+96
-1.39012210911287e+97
6.02063807334288e+97
4.36551165352475e+96
-1.68962242479446e+97
6.18868698524454e+97
3.22898061910623e+96
-1.0605968692526e+97
3.30169951315279e+97
2.09110326092427e+68
-2.05010102140461e+72
5.02516177994773e+75
-5.47373888895725e+78
3.35265896209081e+81
-1.31350136158051e+84
3.57085526605367e+86
-7.1250945817277e+88
1.08718253755302e+91
-9.78791955297771e+97
1.41033499895712e+97
-7.24674551070505e+97
-2.76777092300345e+97
2.39836059086971e+97
2.6810933829191e+97
-1.44744499648457e+97
6.1510867196182e+97
-6.689558684112e+96
1.26517035384478e+97
3.91416773142248e+97
-1.03864508959736e+97
-2.09833262020302e+97
-3.5617185347565e+97
-5.08771827041343e+97
-6.12244354848089e+97
-6.21003129013339e+97
-5.30923923284888e+97
-3.82398177221648e+97
-2.31786835945551e+97
-1.18047174352078e+97
-5.04042144018961e+96
4.64804334748862e+97
1.54627985981725e+97
4.29273801773771e+96
-3.22104735748087e+97
-6.95633634402498e+96
4.58380548282939e+97
7.69071764219614e+96
-4.4725597963969e+97
-5.81247665231242e+96
2.99608832008304e+97
3.00178767526681e+96
-1.37649581637253e+97
5.96162240788949e+97
4.32229519123764e+96
-1.67289597600689e+97
6.12742196003898e+97
3.19669488379736e+96
-1.04999223730885e+97
3.26868667825226e+97
2.05282642415077e+68
-2.0125746876653e+72
4.93317800493114e+75
-5.37354400397741e+78
3.29128966761715e+81
-1.28945814597265e+84
3.50549188141029e+86
-6.99467188585437e+88
1.06728197975291e+91
-9.69770287069419e+97
1.3882936897947e+97
-7.15268717696367e+97
-2.74551955256195e+97
2.38029852331682e+97
2.66070555693047e+97
-1.43527489152657e+97
6.10417538497542e+97
-6.61969995178735e+96
1.25480920708026e+97
3.88184610354033e+97
-1.02992343205501e+97
-2.08056249912455e+97
-3.53129633656878e+97
-5.0438853651918e+97
-6.06923517265201e+97
-6.15558611893714e+97
-5.26227781921693e+97
-3.78985450845685e+97
-2.29699533848316e+97
-1.16974426298121e+97
-4.99419505586512e+96
4.60541550982288e+97
1.53196694294215e+97
4.25263029535145e+96
-3.19095260528912e+97
-6.89072708586549e+96
4.54057294060634e+97
7.61748910056121e+96
-4.4299735161443e+97
-5.75659844687592e+96
2.96728544313758e+97
2.97264909415659e+96
-1.36313406611869e+97
5.90375247972701e+97
4.27992598460819e+96
-1.65649744806843e+97
6.06735803138529e+97
3.16504838938523e+96
-1.03959757161217e+97
3.23632748049127e+97
2.0156071558475e+68
-1.97608518696147e+72
4.84373569656352e+75
-5.27611745702175e+78
3.23161597862901e+81
-1.26607923361378e+84
3.44193445905256e+86
-6.86785271607619e+88
1.04793126657828e+91
-9.60914151434157e+97
1.36682644300293e+97
-7.0608943173783e+97
-2.72362160513307e+97
2.36250646354572e+97
2.64062556040021e+97
-1.42330583757693e+97
6.0579755450643e+97
-6.55118407997756e+96
1.24461638649337e+97
3.85005389868229e+97
-1.02134702808101e+97
-2.0630908281051e+97
-3.50138943298982e+97
-5.00080128391399e+97
-6.01694366137886e+97
-6.1020873201238e+97
-5.21613988681573e+97
-3.75633099418392e+97
-2.2764948952186e+97
-1.1592099969031e+97
-4.94880886027148e+96
4.56356245552265e+97
1.51791656607042e+97
4.21326509895801e+96
-3.16141500610388e+97
-6.82634385965342e+96
4.49814827953077e+97
7.54564192043216e+96
-4.38819057092339e+97
-5.70178437888832e+96
2.93903108455967e+97
2.94407077447003e+96
-1.35002922863659e+97
5.84699524444998e+97
4.23837935995483e+96
-1.6404172913055e+97
6.00846022108506e+97
3.13402233703692e+96
-1.02940669746291e+97
3.20460269767e+97
1.97940629065491e+68
-1.94059412175648e+72
4.7567407337594e+75
-5.1813567242491e+78
3.17357509986457e+81
-1.24334002317119e+84
3.3801161178833e+86
-6.74450361991599e+88
1.02911003516138e+91
-9.52219014564816e+97
1.34591276276766e+97
-6.97128872813284e+97
-2.70206875734932e+97
2.3449784022144e+97
2.62084647168422e+97
-1.41153293077567e+97
6.01247110500895e+97
-6.48397435242864e+96
1.23458782324532e+97
3.81877821479986e+97
-1.01291227900608e+97
-2.04591015107234e+97
-3.47198484185616e+97
-4.95844700027548e+97
-5.96554551866466e+97
-6.04951043146796e+97
-5.17080396403544e+97
-3.72339534842836e+97
-2.25635714232511e+97
-1.14886377186584e+97
-4.90424015346464e+96
4.52246325174183e+97
1.50412157126409e+97
4.17462199782826e+96
-3.13241922976367e+97
-6.76315261753434e+96
4.45650906411698e+97
7.47513738070984e+96
-4.3471884423581e+97
-5.64800433717419e+96
2.91130972329616e+97
2.91603671147724e+96
-1.33717396481706e+97
5.79131891627004e+97
4.19763159244272e+96
-1.62464632328508e+97
5.95069489605543e+97
3.10359865787926e+96
-1.01941367992537e+97
3.17349385398781e+97
1.9441864852072e+68
-1.90606488159389e+72
4.67210337810019e+75
-5.08916405673879e+78
3.11710716020666e+81
-1.22121705778773e+84
3.31997308835901e+86
-6.62449735529985e+88
1.01079887021415e+91
-9.43680507371822e+97
1.32553307686905e+97
-6.88379569436177e+97
-2.68085294434389e+97
2.32770850698817e+97
2.60136157516996e+97
-1.39995142447089e+97
5.96764645261858e+97
-6.41803534160612e+96
1.22471957858612e+97
3.78800656569476e+97
-1.00461570406304e+97
-2.0290132582647e+97
-3.44307001346155e+97
-4.91680412712218e+97
-5.91501804453501e+97
-5.99783182661828e+97
-5.12624931930447e+97
-3.69103224235305e+97
-2.23657253924607e+97
-1.13870059750917e+97
-4.86046704593233e+96
4.48209771297736e+97
1.4905750584481e+97
4.13668130395908e+96
-3.10395050341026e+97
-6.70112056080131e+96
4.41563368199234e+97
7.40593819408914e+96
-4.30694544589988e+97
-5.59522933598815e+96
2.88410641840614e+97
2.88853150429704e+96
-1.32456121245108e+97
5.7366929086574e+97
4.15765986090729e+96
-1.60917571132968e+97
5.89402970428542e+97
3.07375997790904e+96
-1.00961281230213e+97
3.14298318416316e+97
1.90991211301675e+68
-1.87246253744091e+72
4.58973801237619e+75
-4.99944619367277e+78
3.06215503776091e+81
-1.19968795858511e+84
3.26144453210087e+86
-6.50771252887022e+88
9.92979248988287e+90
-9.35294418060224e+97
1.30566868658505e+97
-6.79834380005753e+97
-2.65996634982038e+97
2.31069111607024e+97
2.58216435366492e+97
-1.3885567230017e+97
5.92348644039624e+97
-6.35333285377466e+96
1.21500783869691e+97
3.75772686439871e+97
-9.96453935597578e+96
-2.01239317614367e+97
-3.41463281269847e+97
-4.8758548898354e+97
-5.86533930161054e+97
-5.94702867969774e+97
-5.08245592947944e+97
-3.65922687546501e+97
-2.21713187713385e+97
-1.12871565850729e+97
-4.81746842274662e+96
4.44244636801245e+97
1.47727037390213e+97
4.09942403862673e+96
-3.07599458639195e+97
-6.64021608312981e+96
4.37550130649247e+97
7.33800844130339e+96
-4.26744069258721e+97
-5.54343146292198e+96
2.85740678220919e+97
2.86154032768458e+96
-1.31218417329274e+97
5.68308777831037e+97
4.11844220523451e+96
-1.59399695602184e+97
5.83843351441694e+97
3.04448958490805e+96
-9.99998605266937e+96
3.11305359960359e+97
1.87654917263592e+68
-1.83975375536943e+72
4.50956292896419e+75
-4.9121141349198e+78
3.0086642194668e+81
-1.17873136825789e+84
3.20447238709716e+86
-6.39403328530787e+88
9.75633493511138e+90
-9.27056685088062e+97
1.2863017197648e+97
-6.71486475017768e+97
-2.63940139657565e+97
2.29392073201401e+97
2.56324848112014e+97
-1.3773443757726e+97
5.87997636834772e+97
-6.28983387682123e+96
1.2054489097756e+97
3.72792740734398e+97
-9.88423714510592e+96
-1.99604315779777e+97
-3.38666150207732e+97
-4.83558210103564e+97
-5.81648808334999e+97
-5.89707893168787e+97
-5.03940444984152e+97
-3.62796495304662e+97
-2.19802626455783e+97
-1.11890430696152e+97
-4.7752239096026e+96
4.40349042859888e+97
1.46420109936338e+97
4.06283190073137e+96
-3.04853774651102e+97
-6.5804087168802e+96
4.33609186127783e+97
7.2713135089545e+96
-4.2286540528906e+97
-5.49258382967845e+96
2.83119695491137e+97
2.83504890538604e+96
-1.30003630084074e+97
5.63047517223704e+97
4.07995748613083e+96
-1.57910187563354e+97
5.7838763587132e+97
3.01577139723074e+96
-9.90565776612581e+96
3.08368865649035e+97
1.84406519497025e+68
-1.80790670242782e+72
4.43150009980787e+75
-4.82708288569472e+78
2.95658264549939e+81
-1.15832689099435e+84
3.14900120628806e+86
-6.28334898987747e+88
9.58744722600912e+90
-9.18963390500952e+97
1.26741508684326e+97
-6.63329320405208e+97
-2.61915073745203e+97
2.27739201580275e+97
2.54460781567166e+97
-1.36631007160349e+97
5.83710196754916e+97
-6.22750653066469e+96
1.19603921335284e+97
3.69859685928116e+97
-9.80521885919113e+96
-1.97995667381066e+97
-3.35914472557342e+97
-4.7959691365299e+97
-5.76844388386713e+97
-5.84796125849286e+97
-4.9970761856049e+97
-3.59723266473405e+97
-2.17924711394516e+97
-1.10926205518628e+97
-4.73371384062828e+96
4.36521175977284e+97
1.45136104170259e+97
4.02688723682205e+96
-3.02156673753196e+97
-6.52166908227615e+96
4.29738598684535e+97
7.205820030703e+96
-4.19056612251145e+97
-5.44266052552989e+96
2.80546358061505e+97
2.80904348495975e+96
-1.2881112887925e+97
5.57882777774947e+97
4.04218534712761e+96
-1.56448259142043e+97
5.73032937919516e+97
2.98758993434175e+96
-9.81309241573644e+96
3.05487252565252e+97
1.81242916455605e+68
-1.77689097154009e+72
4.35547499051172e+75
-4.74427125862257e+78
2.90586059009616e+81
-1.13845504489906e+84
3.09497802633079e+86
-6.17555395998643e+88
9.42296810871312e+90
-9.11010753619583e+97
1.24899243958675e+97
-6.55356661926597e+97
-2.59920724669622e+97
2.26109978118347e+97
2.52623639298387e+97
-1.35544963334066e+97
5.79484938443475e+97
-6.16632002010521e+96
1.18677528182551e+97
3.66972423890336e+97
-9.72745395023722e+96
-1.9641274035672e+97
-3.3320714932551e+97
-4.75699991243141e+97
-5.72118686923125e+97
-5.79965504058645e+97
-4.95545306484917e+97
-3.56701666417512e+97
-2.16078612871057e+97
-1.09978456886495e+97
-4.692919227859e+96
4.32759285170561e+97
1.43874422313871e+97
3.99157301269881e+96
-2.99506877787323e+97
-6.4639688392809e+96
4.25936500881776e+97
7.14149583160786e+96
-4.15315819001265e+97
-5.39363657329184e+96
2.78019378462513e+97
2.78351081397051e+96
-1.27640306012777e+97
5.52811927518504e+97
4.00510617867694e+96
-1.55013151372552e+97
5.67776477674245e+97
2.95993028899011e+96
-9.72224103686774e+96
3.02658996411446e+97
1.7816114365551e+68
-1.74667749859652e+72
4.28141636096254e+75
-4.66360165345597e+78
2.85645052191127e+81
-1.11909720861787e+84
3.04235222270222e+86
-6.07054718500012e+88
9.26274345264043e+90
-9.03195125058451e+97
1.23101813237582e+97
-6.47562510526211e+97
-2.57956401170395e+97
2.24503898924212e+97
2.5081284198796e+97
-1.34475901271469e+97
5.75320516576772e+97
-6.10624458997643e+96
1.17765375419626e+97
3.6412989051385e+97
-9.65091283171071e+96
-1.94854922697323e+97
-3.30543116664922e+97
-4.71865886338597e+97
-5.67469785016689e+97
-5.75214033415086e+97
-4.91451761279316e+97
-3.53730404970397e+97
-2.14263529103495e+97
-1.09046766055355e+97
-4.65282173227667e+96
4.29061679299724e+97
1.42634487195934e+97
3.95687278649609e+96
-2.96903153041035e+97
-6.4072806420057e+96
4.22201090790152e+97
7.0783098754211e+96
-4.11641220616766e+97
-5.345487887655e+96
2.75537515197094e+97
2.75843811747051e+96
-1.26490575678234e+97
5.47832429318286e+97
3.96870108420543e+96
-1.53604132884068e+97
5.62615576297022e+97
2.93277810091496e+96
-9.63305646154008e+96
2.9988262882094e+97
1.75158366810509e+68
-1.71723849657419e+72
4.20925609935245e+75
-4.584999878636e+78
2.80830699915572e+81
-1.10023557857878e+84
2.99107539604513e+86
-5.96823208856072e+88
9.10662589914859e+90
-8.95512981055642e+97
1.2134771858476e+97
-6.39941128596704e+97
-2.56021432513031e+97
2.22920474320839e+97
2.49027826824249e+97
-1.33423428543226e+97
5.71215624426023e+97
-6.04725148247135e+96
1.16867137200802e+97
3.61331054407374e+97
-9.57556684100821e+96
-1.93321621656626e+97
-3.27921344480303e+97
-4.68093092184264e+97
-5.62895825607376e+97
-5.7053978436228e+97
-4.87425292733355e+97
-3.50808234597348e+97
-2.12478685025466e+97
-1.08130728351184e+97
-4.61340363632114e+96
4.25426724532781e+97
1.41415741371708e+97
3.92277068315787e+96
-2.94344308332344e+97
-6.3515780954964e+96
4.18530629141176e+97
7.01623221465575e+96
-4.08031075492231e+97
-5.29819123572902e+96
2.73099570706819e+97
2.73381307668636e+96
-1.25361372987479e+97
5.42941836635583e+97
3.9329518480028e+96
-1.52220498657826e+97
5.57547651470695e+97
2.90611953198533e+96
-9.54549323677141e+96
2.97156734815932e+97
1.72231874481988e+68
-1.68854738313947e+72
4.13892904758892e+75
-4.50839496093811e+78
2.7613865499205e+81
-1.08185312368354e+84
2.9411012455761e+86
-5.868516285445e+88
8.95447448115751e+90
-8.87960918094928e+97
1.19635525273331e+97
-6.32487017080234e+97
-2.54115167734724e+97
2.21359228347878e+97
2.47268046917836e+97
-1.32387164648974e+97
5.67168992480969e+97
-5.98931289652161e+96
1.15982497546312e+97
3.58574915647836e+97
-9.50138820367039e+96
-1.91812262999584e+97
-3.25340835100426e+97
-4.64380149831114e+97
-5.58395011029309e+97
-5.65940889556732e+97
-4.83464265577599e+97
-3.47933948649066e+97
-2.10723331182642e+97
-1.0722995258428e+97
-4.57464781778703e+96
4.21852841938631e+97
1.40217646287333e+97
3.88925137022159e+96
-2.91829193192667e+97
-6.29683571475465e+96
4.14923436626971e+97
6.95523394325841e+96
-4.04483702587144e+97
-5.25172419966274e+96
2.70704389445127e+97
2.70962380883768e+96
-1.24252153045212e+97
5.38137789520974e+97
3.89784090483037e+96
-1.5086156885084e+97
5.52570213091047e+97
2.87994124268351e+96
-9.45950754733414e+96
2.9447995040287e+97
