-1.55599689690822e+98
-5.52242468478574e+96
1.46642633406421e+97
-3.69538345677179e+97
8.83930784373747e+97
2.09720785876323e+96
-4.52077591934713e+96
9.25340023228647e+96
-1.79853311505273e+97
3.31937260876258e+97
-5.81681557671496e+97
9.67735208256787e+97
-1.52826387831518e+98
-1.93192759085105e+96
2.74654953882093e+96
-3.7034321445323e+96
4.73450420880738e+96
-5.73592540229333e+96
6.58215785879036e+96
-7.15014942148581e+96
7.34779780828599e+96
-7.13792815640697e+96
6.54936318989817e+96
-5.67067588926253e+96
4.62839237364669e+96
-3.55700866207027e+96
2.57064682914288e+96
-1.74454806071569e+96
-1.31907851330811e+98
7.85564634214464e+97
-4.36970788800024e+97
2.26524984232236e+97
-1.09165724226826e+97
4.87680548863897e+96
-2.01312240354642e+96
-7.35787929770331e+97
2.56387425343932e+97
-8.15059491370416e+96
2.35046834852352e+96
4.84686761463702e+97
-1.12577466970544e+97
-1.54014398701176e+98
2.76835334540418e+97
-4.28346272102451e+96
-3.16310701689973e+97
3.38586155593633e+96
1.38910384277134e+97
3.65600910049371e+97
5.5358288953598e+97
3.64500996394144e+97
-1.5313035309211e+98
-5.4333684575855e+96
1.44277831531049e+97
-3.63579062283769e+97
8.69676257549202e+97
2.06283221035077e+96
-4.4466752010888e+96
9.10172635203492e+96
-1.76905308631494e+97
3.26496426786493e+97
-5.72147126579315e+97
9.51872912472159e+97
-1.50321387069322e+98
-1.89973241049391e+96
2.70077884840407e+96
-3.64171519847841e+96
4.65560465417668e+96
-5.64033736420872e+96
6.47246752564909e+96
-7.03099362126796e+96
7.22534823525726e+96
-7.01897601679992e+96
6.44021936538525e+96
-5.576175210844e+96
4.55126114006955e+96
-3.49773182289057e+96
2.52780751229984e+96
-1.71547551468277e+96
-1.29745728741593e+98
7.72688319012758e+97
-4.2980833078718e+97
2.22811976960912e+97
-1.07376371339387e+97
4.7968689867089e+96
-1.98012499041443e+96
-7.2392238797965e+97
2.52252843024308e+97
-8.01915591594354e+96
2.31256397311701e+96
4.76994867789746e+97
-1.10790882331166e+97
-1.51608490304266e+98
2.72510800757275e+97
-4.21654937100751e+96
-3.11445706403171e+97
3.33378554079565e+96
1.36806334851193e+97
3.60146094914149e+97
5.45445166184733e+97
3.59220683734631e+97
-1.50738167650377e+98
-5.34713893174281e+96
1.41988089976273e+97
-3.57808930356156e+97
8.55874178540293e+97
2.02956529875143e+96
-4.37496449438543e+96
8.95494449370271e+96
-1.74052389335055e+97
3.21231078951888e+97
-5.62920214817567e+97
9.36522232186133e+97
-1.47897181500121e+98
-1.8685926913881e+96
2.65650866802279e+96
-3.58202153190791e+96
4.57929168011416e+96
-5.54788300879096e+96
6.3663731937358e+96
-6.91574413074671e+96
7.10691295244662e+96
-6.90392351038207e+96
6.33465362605259e+96
-5.48477256828992e+96
4.47665851618977e+96
-3.44039826901638e+96
2.4863726059717e+96
-1.68735606017845e+96
-1.27653342328299e+98
7.60227310973885e+97
-4.2287688763547e+97
2.19218727442068e+97
-1.05644731477568e+97
4.71951072269471e+96
-1.94819186182042e+96
-7.12433466407576e+97
2.48249495110401e+97
-7.89188887987898e+96
2.27586270795758e+96
4.69543297466205e+97
-1.09060117238044e+97
-1.49276592431736e+98
2.68319298231802e+97
-4.15169440872476e+96
-3.06728095137892e+97
3.28328715775127e+96
1.34765073377964e+97
3.54851659233669e+97
5.37543226140982e+97
3.54091171189537e+97
-1.4841957326329e+98
-5.26360362814668e+96
1.39769890887281e+97
-3.52219084925239e+97
8.42503342456784e+97
1.99735433435676e+96
-4.30553000507347e+96
8.81282173642422e+96
-1.71290026459253e+97
3.1613286205155e+97
-5.53986180654003e+97
9.21658808158114e+97
-1.45549924270947e+98
-1.83845736855753e+96
2.6136664004968e+96
-3.52425325517991e+96
4.50544014352899e+96
-5.45841072323233e+96
6.2637008824943e+96
-6.80421195611939e+96
6.99229774176945e+96
-6.79258196636451e+96
6.23249285813981e+96
-5.39631807342817e+96
4.40446216362637e+96
-3.38491398104163e+96
2.44627416241854e+96
-1.6601435850328e+96
-1.25627371783117e+98
7.48161836320125e+97
-4.16165460168856e+97
2.15739533719484e+97
-1.03968056784599e+97
4.64460794044994e+96
-1.91727234460119e+96
-7.01303513964017e+97
2.44371231028647e+97
-7.76859827783896e+96
2.24030816677745e+96
4.62320960875854e+97
-1.0738259592227e+97
-1.47015341760627e+98
2.64254781511725e+97
-4.08880429311467e+96
-3.02151270403284e+97
3.23429578575857e+96
1.32783830660218e+97
3.49710632433791e+97
5.29866968377255e+97
3.49106089707952e+97
-1.46171225548653e+98
-5.18263821886168e+96
1.3761993285586e+97
-3.46801206465836e+97
8.29543849103216e+97
1.96614982644758e+96
-4.23826505013037e+96
8.67513971485344e+96
-1.68613975755144e+97
3.11193942899192e+97
-5.45331297336829e+97
9.07259803387456e+97
-1.43276008923576e+98
-1.80927861888306e+96
2.57218405747357e+96
-3.46831869317183e+96
4.43393284603257e+96
-5.37177851985602e+96
6.16428765651483e+96
-6.69622010184518e+96
6.88132071506644e+96
-6.68477469171411e+96
6.13357493800529e+96
-5.31067135373017e+96
4.33455751064489e+96
-3.33119090837805e+96
2.40744854755971e+96
-1.63379490450501e+96
-1.23664704288577e+98
7.36473356962789e+97
-4.09663736564096e+97
2.12369050159597e+97
-1.02343771120855e+97
4.57204555501954e+96
-1.8873189322255e+96
-6.90515965596317e+97
2.40612278638382e+97
-7.64910061259177e+96
2.20584743264703e+96
4.55317440364395e+97
-1.05755898690768e+97
-1.44821575716128e+98
2.6031156598237e+97
-4.02779106634268e+96
-2.97709022690731e+97
3.18674495682321e+96
1.30859997984102e+97
3.44716442119233e+97
5.22406860714463e+97
3.44259423920536e+97
-1.43989979749147e+98
-5.10412590971947e+96
1.35535114525712e+97
-3.4154747958219e+97
8.1697700415517e+97
1.93590532946864e+96
-4.17306951074028e+96
8.5416934996651e+96
-1.66020254122448e+97
3.06406970284547e+97
-5.36942682721431e+97
8.93303786034429e+97
-1.41072050905209e+98
-1.78101160786089e+96
2.5319978994041e+96
-3.41413189982462e+96
4.36465991332825e+96
-5.28785328423708e+96
6.06798076272873e+96
-6.59160263338587e+96
6.77381135093611e+96
-6.58033603549613e+96
6.0377478736193e+96
-5.2277008089845e+96
4.266837145456e+96
-3.27914650299342e+96
2.36983610400693e+96
-1.60826953260361e+96
-1.21762418558972e+98
7.25144475462449e+97
-4.03362039484814e+97
2.09102260045883e+97
-1.00769456856682e+97
4.50171556263034e+96
-1.85828704124096e+96
-6.80055260027583e+97
2.36967215567529e+97
-7.53322350610257e+96
2.17243079519063e+96
4.48522940104041e+97
-1.04177750281188e+97
-1.42692317714158e+98
2.56484301340726e+97
-3.96857194336647e+96
-2.93395502366836e+97
3.14057205513726e+96
1.28991115659591e+97
3.39862886042638e+97
5.1515390033406e+97
3.39545487925325e+97
-1.4187287605695e+98
-5.02795687819137e+96
1.33512519665704e+97
-3.36450555392652e+97
8.04785229183924e+97
1.90657721236619e+96
-4.10984933507394e+96
8.41229057981415e+96
-1.63505119828279e+97
3.0176503846504e+97
-5.28808235293759e+97
8.79770622983251e+97
-1.38934870759757e+98
-1.7536142597344e+96
2.49304810874788e+96
-3.36161221749412e+96
4.29751823188169e+96
-5.20651009271981e+96
5.97463684723769e+96
-6.49020382645333e+96
6.66960962046514e+96
-6.47911053957555e+96
5.94486902529502e+96
-5.14728293657758e+96
4.20120026551118e+96
-3.22870329618465e+96
2.33338084519856e+96
-1.58352947451316e+96
-1.19917770332372e+98
7.14158848627949e+97
-3.9725127802089e+97
2.05934450664303e+97
-9.9242842865712e+96
4.43351650431131e+96
-1.8301347898589e+96
-6.69906764860495e+97
2.33430943114797e+97
-7.42080486988032e+96
2.14001151133115e+96
4.41928240380029e+97
-1.02646009244095e+97
-1.40624763686895e+98
2.52767947375572e+97
-3.91106893718272e+96
-2.89205193974925e+97
3.0957180419966e+96
1.2717486252906e+97
3.35144106408728e+97
5.080995775345e+97
3.34958903036012e+97
-1.39817126214222e+98
-4.95402776085207e+96
1.31549403559959e+97
-3.31503517232813e+97
7.92951979618771e+97
1.87812444857888e+96
-4.04851608558972e+96
8.28674993592372e+96
-1.61065054497085e+97
2.9726165392643e+97
-5.20916575922192e+97
8.66641382935479e+97
-1.36861478824189e+98
-1.72704704852081e+96
2.45527849288325e+96
-3.31068387635703e+96
4.23241093679746e+96
-5.12763159197212e+96
5.88412124333257e+96
-6.39187739358939e+96
6.56856519242894e+96
-6.38095216651897e+96
5.85480439725446e+96
-5.06930171810562e+96
4.13755217685682e+96
-3.17978851382178e+96
2.2980301773367e+96
-1.55953903788926e+96
-1.18128179161664e+98
7.0350110885175e+97
-3.91322903931204e+97
2.02861190619612e+97
-9.77617935932491e+96
4.36735297754119e+96
-1.80282279636485e+96
-6.60056708288502e+97
2.2999866245425e+97
-7.31169214851741e+96
2.10854558714201e+96
4.35524655851414e+97
-1.01158658248267e+97
-1.38616269762995e+98
2.49157751823111e+97
-3.85520851618813e+96
-2.85132892707669e+97
3.05212720395851e+96
1.2540904634987e+97
3.30554566289722e+97
5.01235842425219e+97
3.30494577309583e+97
-1.37820101261902e+98
-4.88224118540438e+96
1.29643180581224e+97
-3.2669984934048e+97
7.8146166984189e+97
1.8505084245565e+96
-3.98898652627328e+96
8.16490119542187e+96
-1.586967466895e+97
2.92890705075929e+97
-5.13256994748237e+97
8.53898248052827e+97
-1.3484906127501e+98
-1.70127280774988e+96
2.41863621361994e+96
-3.261275629687e+96
4.16924694555237e+96
-5.0511074340963e+96
5.79630732326475e+96
-6.29648577999994e+96
6.4705367096607e+96
-6.28572359663195e+96
5.76742799262932e+96
-4.99364806091106e+96
4.07580383831746e+96
-3.13233372604394e+96
2.26373464622292e+96
-1.53626466105064e+96
-1.16391216370949e+98
6.93156792385351e+97
-3.85568871746784e+97
1.99878309152888e+97
-9.63242990890878e+96
4.30313519098031e+96
-1.77631399531385e+96
-6.50492116744205e+97
2.26665852908704e+97
-7.20574162899758e+96
2.07799157866537e+96
4.2930399738883e+97
-9.97137952168129e+96
-1.36664340988686e+98
2.45649230093534e+97
-3.80092129048928e+96
-2.8117368283981e+97
3.00974692198066e+96
1.23691594967193e+97
3.26089027952365e+97
4.94555074284093e+97
3.26147686689518e+97
-1.35879320323607e+98
-4.81250534280969e+96
1.27791412829206e+97
-3.22033408224356e+97
7.70299604702608e+97
1.82369276492698e+96
-3.93118224576463e+96
8.04658386113496e+96
-1.56397076908929e+97
2.88646434570352e+97
-5.05819402694824e+97
8.41524433282201e+97
-1.32894967387933e+98
-1.67625655698849e+96
2.38307154057556e+96
-3.21332042130893e+96
4.10794053286569e+96
-4.9768337615775e+96
5.71107590720808e+96
-6.20389952151449e+96
6.3753911292633e+96
-6.19329558701608e+96
5.68262122536748e+96
-4.92021928888982e+96
4.01587144589388e+96
-3.08627452786128e+96
2.23044770642943e+96
-1.51367475632909e+96
-1.14704594059057e+98
6.83112273850793e+97
-3.79981602342795e+97
1.96981877257309e+97
-9.49284659069237e+96
4.24077855791618e+96
-1.75057346970676e+96
-6.41200757891305e+97
2.23428252085106e+97
-7.10281780919654e+96
2.04831040980037e+96
4.23258537136596e+97
-9.83096252121935e+96
-1.34766620988551e+98
2.42238146686659e+97
-3.74814172434744e+96
-2.77322917933079e+97
2.96852745952998e+96
1.22020548202337e+97
3.21742532918211e+97
4.88050053333127e+97
3.21913657617733e+97
-1.33992440324038e+98
-4.74473359557061e+96
1.25991799728898e+97
-3.17498396451896e+97
7.5945191681828e+97
1.79764317264711e+96
-3.87502931278438e+96
7.93164660599295e+96
-1.54163103893115e+97
2.84523414015839e+97
-4.98594287130479e+97
8.29504112594823e+97
-1.30996697889435e+98
-1.65196534344856e+96
2.34853762599537e+96
-3.16675508196711e+96
4.04841094253317e+96
-4.90471273701471e+96
5.62831472361008e+96
-6.11399665836968e+96
6.28300312018818e+96
-6.10354638635416e+96
5.60027238327273e+96
-4.84891867757159e+96
3.9576760532967e+96
-3.04155024752773e+96
2.19812551054037e+96
-1.49173956703987e+96
-1.13066155045501e+98
6.73354706364736e+97
-3.7455394963252e+97
1.94168190412356e+97
-9.35725087837142e+96
4.18020332455215e+96
-1.72556829754949e+96
-6.32171088433364e+97
2.20281837688345e+97
-7.00279281974031e+96
2.01946520557861e+96
4.17380976485778e+97
-9.69444529973753e+96
-1.32920882475927e+98
2.38920498134707e+97
-3.69680787225284e+96
-2.73576202645709e+97
2.92842176786762e+96
1.20394050389819e+97
3.1751038359758e+97
4.81713934712629e+97
3.17788150983512e+97
-1.3215724655229e+98
-4.67884411865164e+96
1.24242168495574e+97
-3.13089338621155e+97
7.48905509099261e+97
1.77232728265995e+96
-3.82045796067512e+96
7.81994662732937e+96
-1.51992052064022e+97
2.8051652080534e+97
-4.91572671279716e+97
8.17822351457868e+97
-1.2915189429256e+98
-1.62836809716997e+96
2.31499029887128e+96
-3.12152005171639e+96
3.99058203252912e+96
-4.83465211315629e+96
5.54791791579386e+96
-6.02666219923453e+96
6.19325451244494e+96
-6.01636119985167e+96
5.52027613706489e+96
-4.77965502904634e+96
3.90114322500233e+96
-2.99810367990777e+96
2.16672671645622e+96
-1.47043103671036e+96
-1.11473863665962e+98
6.63871966721825e+97
-3.69279170075566e+97
1.91433752776922e+97
-9.22547430221009e+96
4.12133422970418e+96
-1.70126741137747e+96
-6.2339220627117e+97
2.17222810850347e+97
-6.90554589403445e+96
1.99142113933122e+96
4.11664416679104e+97
-9.56166762082765e+96
-1.31125018532568e+98
2.35692497327806e+97
-3.64686113639368e+96
-2.69929375996819e+97
2.88938530690703e+96
1.18810343503446e+97
3.13388126354166e+97
4.75540224456642e+97
3.13767047291024e+97
-1.30371643990151e+98
-4.61475956990868e+96
1.22540465383356e+97
-3.08801059307255e+97
7.38648001997144e+97
1.74771452774588e+96
-3.7674022982277e+96
7.71134905498276e+96
-1.49881300023416e+97
2.76620916886076e+97
-4.84746077015456e+97
8.06465044932749e+97
-1.27358329121298e+98
-1.60543549844031e+96
2.28238787645738e+96
-3.07755912577079e+96
3.93438195009677e+96
-4.76656483926687e+96
5.46978559025157e+96
-5.94178763052494e+96
6.10603379285187e+96
-5.93163169938972e+96
5.44253309092361e+96
-4.71234228280875e+96
3.8462027186251e+96
-2.95588084237329e+96
2.1362123109807e+96
-1.44972268935882e+96
-1.0992579733471e+98
6.54652605145526e+97
-3.64150894726743e+97
1.88775262699484e+97
-9.09735775075512e+96
4.06410019285266e+96
-1.67764146948483e+96
-6.14853806591759e+97
2.14247580829163e+97
-6.81096288184595e+96
1.96414529241553e+96
4.0610233179883e+97
-9.43247790796994e+96
-1.29377034585775e+98
2.32550559093176e+97
-3.59824604352345e+96
-2.66378495951707e+97
2.85137588021148e+96
1.17267760817874e+97
3.09371535871947e+97
4.69522757292365e+97
3.09846432938811e+97
-1.28633649334017e+98
-4.55240678723632e+96
1.20884747643262e+97
-3.04628662796698e+97
7.28667685029495e+97
1.7237760153982e+96
-3.71580004427226e+96
7.60572640804136e+96
-1.47828369993909e+97
2.72832029271916e+97
-4.7810649070923e+97
7.9541886086058e+97
-1.25613896938331e+98
-1.5831398562619e+96
2.25069099149103e+96
-3.03481922152931e+96
3.87974283391169e+96
-4.7003687002937e+96
5.3938234025762e+96
-5.85927046660437e+96
6.02123564280311e+96
-5.84925557449457e+96
5.36694937048308e+96
-4.64689915902913e+96
3.79278819375583e+96
-2.91483075104042e+96
2.10654544810727e+96
-1.42958951974885e+96
-1.08420138800453e+98
6.45685799168523e+97
-3.59163103581999e+97
1.8618959941908e+97
-8.97275082993608e+96
4.00843402783067e+96
-1.65466273773632e+96
-6.06546141517252e+97
2.11352750948494e+97
-6.71893580231838e+96
1.93760652531367e+96
4.00688543915191e+97
-9.30673266730969e+96
-1.27675041018784e+98
2.29491286912564e+97
-3.55091003944023e+96
-2.62919825207997e+97
2.81435348284567e+96
1.15764721057603e+97
3.0545660070905e+97
4.6365567610403e+97
3.0602258751523e+97
-1.26941383646546e+98
-4.49171650993979e+96
1.19273176124499e+97
-3.00567514442695e+97
7.18953472182048e+97
1.70048441468064e+96
-3.66559228378625e+96
7.50295809562995e+96
-1.45830918116024e+97
2.69145532135642e+97
-4.71646331849943e+97
7.84671187653663e+97
-1.2391660610018e+98
-1.56145499680679e+96
2.21986243361348e+96
-2.99325016474838e+96
3.82660054072257e+96
-4.63598598568767e+96
5.31994217742306e+96
-5.77901383695083e+96
5.93876051402377e+96
-5.76913612021016e+96
5.29343624468695e+96
-4.58324883114168e+96
3.74083694472905e+96
-2.87490521539596e+96
2.07769130059585e+96
-1.41000789266319e+96
-1.06955169029998e+98
6.36961311252079e+97
-3.54310102004169e+97
1.83673810844451e+97
-8.85151127412417e+96
3.95427217972377e+96
-1.63230498096071e+96
-5.98459982981303e+97
2.08535105661879e+97
-6.62936243274049e+96
1.91177535904162e+96
3.95417200196463e+97
-9.18429595599612e+96
-1.26017246356848e+98
2.26511460674468e+97
-3.50480329947731e+96
-2.59549818074888e+97
2.77828016092826e+96
1.14299722990231e+97
3.0163950993473e+97
4.57933412917443e+97
3.02291972023114e+97
-1.252930655808e+98
-4.4326231221006e+96
1.17704008459788e+97
-2.96613223492226e+97
7.0949486083125e+97
1.67781385213501e+96
-3.61672324351139e+96
7.40292995762899e+96
-1.43886725521398e+97
2.65557330333652e+97
-4.65358424172825e+97
7.74210086263136e+97
-1.22264571171847e+98
-1.54035616091512e+96
2.18986700364708e+96
-2.95280449305006e+96
3.77489439415409e+96
-4.57334318507406e+96
5.24805755928218e+96
-5.70092610679346e+96
5.85851423871998e+96
-5.69118185838308e+96
5.22190977830053e+96
-4.52131862497693e+96
3.69028965505566e+96
-2.83605864957415e+96
2.04961692358275e+96
-1.39095545034367e+96
-1.05529260661162e+98
6.28469449795441e+97
-3.49586499034425e+97
1.81225102310728e+97
-8.73350440430059e+96
3.90155448281531e+96
-1.6105433630318e+96
-5.90586588535923e+97
2.05791598637983e+97
-6.54214592977575e+96
1.88662386591937e+96
3.90282751802344e+97
-9.06503889194209e+96
-1.24401950977353e+98
2.23608025368302e+97
-3.45987855356845e+96
-2.56265108348682e+97
2.74311988184878e+96
1.12871340425101e+97
2.97916640755904e+97
4.5235067127541e+97
2.98651217955349e+97
-1.23687005125527e+98
-4.37506441593671e+96
1.16175592781625e+97
-2.92761627251057e+97
7.00281893867179e+97
1.65573981590588e+96
-3.56914008528304e+96
7.30553384164844e+96
-1.41993690110654e+97
2.62063544231195e+97
-4.59235969067414e+97
7.64024245938212e+97
-1.20656005940245e+98
-1.51981990979282e+96
2.16067137952919e+96
-2.91343727514798e+96
3.7245669536036e+96
-4.51237070826726e+96
5.17808969118629e+96
-5.62492052809541e+96
5.78040767091391e+96
-5.61530618924186e+96
5.15229051221952e+96
-4.46103974196146e+96
3.64109017149912e+96
-2.79824789872985e+96
2.02229112910068e+96
-1.3724110273353e+96
-1.04140871972491e+98
6.20201033223081e+97
-3.4498718741579e+97
1.78840826223653e+97
-8.61860262899603e+96
3.85022393763907e+96
-1.58935435483675e+96
-5.82917669822325e+97
2.03119341774171e+97
-6.45719448020217e+96
1.8621255688513e+96
3.85279934400648e+97
-8.94883920128816e+96
-1.22827541297559e+98
2.20778080637061e+97
-3.41609092459657e+96
-2.53062498097443e+97
2.70883841421598e+96
1.1147821758232e+97
2.94284547048778e+97
4.46902409886804e+97
2.95097117150464e+97
-1.22121597825395e+98
-4.31898137336321e+96
1.14686361921827e+97
-2.8900877646665e+97
6.91305124729674e+97
1.63423906733505e+96
-3.52279271546184e+96
7.21066721296077e+96
-1.40149818971878e+97
2.58660495709916e+97
-4.53272521057394e+97
7.54102943432334e+97
-1.1908921697196e+98
-1.49982403815348e+96
2.13224399282921e+96
-2.8751059443437e+96
3.67556380138119e+96
-4.45300262738761e+96
5.10996291878157e+96
-5.55091491808795e+96
5.70435635609184e+96
-5.54142707048061e+96
5.08450316901506e+96
-4.4023470041681e+96
3.59318529598604e+96
-2.76143207911782e+96
1.99568437050421e+96
-1.35435457205255e+96
-1.02788541322817e+98
6.12147356870007e+97
-3.40507325173064e+97
1.7651847251064e+97
-8.50668498411341e+96
3.80022650540237e+96
-1.56871564941493e+96
-5.75445363466739e+97
2.00515595055073e+97
-6.3744209785144e+96
1.83825534835307e+96
3.80403750163483e+97
-8.83558080023051e+96
-1.21292484398163e+98
2.18018871113376e+97
-3.37339777886394e+96
-2.49938947276213e+97
2.67540321669683e+96
1.10119064800547e+97
2.90739948719276e+97
4.41583827443155e+97
2.91626612364031e+97
-1.20595319434638e+98
-4.26431796414091e+96
1.13234828051574e+97
-2.85350921821086e+97
6.82555585099565e+97
1.61328955935567e+96
-3.47763360902273e+96
7.11823279443559e+96
-1.38353221382224e+97
2.55344695251616e+97
-4.47461965166378e+97
7.44436005346956e+97
-1.17562597666515e+98
-1.48034749412784e+96
2.10455491488687e+96
-2.83777014499605e+96
3.62783334643456e+96
-4.39517643907104e+96
5.04360551745561e+96
-5.47883136285168e+96
5.63028022659148e+96
-5.46946672134675e+96
5.01847638142119e+96
-4.34517861923054e+96
3.54652459373e+96
-2.72557243063217e+96
1.96976863590014e+96
-1.33676707445677e+96
-1.01470882018492e+98
6.04300162414067e+97
-3.36142318609526e+97
1.74255659806292e+97
-8.39763670814479e+96
3.7515109182209e+96
-1.5486060836237e+96
-5.68162204186358e+97
1.97977757181268e+97
-6.29374272900838e+96
1.81498935663879e+96
3.75649451113493e+97
-8.72515340820664e+96
-1.19795323045046e+98
2.15327777471277e+97
-3.33175858763645e+96
-2.46891564101935e+97
2.64278333498743e+96
1.08792654554966e+97
2.87279721823198e+97
4.36390348506662e+97
2.88236788497625e+97
-1.19106720966667e+98
-4.21102095916175e+96
1.11819577723373e+97
-2.8178450143687e+97
6.74024755012725e+97
1.59287036108364e+96
-3.43361764700284e+96
7.02813823381796e+96
-1.36602102340982e+97
2.52112830002879e+97
-4.41798496002558e+97
7.35013773334965e+97
-1.16074622761239e+98
-1.46137030533341e+96
2.07757575170818e+96
-2.80139159079951e+96
3.58132664317069e+96
-4.33883284496873e+96
4.97894944045369e+96
-5.40859594369703e+96
5.55810332041898e+96
-5.39935134948921e+96
4.95414244170603e+96
-4.28947596333978e+96
3.50106021611376e+96
-2.69063218068793e+96
1.94451734977484e+96
-1.31963049929638e+96
-1.00186577570408e+98
5.96651609629574e+97
-3.31887806594876e+97
1.72050127307292e+97
-8.29134884964657e+96
3.70402850376454e+96
-1.52900556575308e+96
-5.61061099912065e+97
1.95503356900728e+97
-6.21508117020649e+96
1.79230493815073e+96
3.71012523703507e+97
-8.61745218972905e+96
-1.18334671075207e+98
2.1270230813258e+97
-3.29113479881677e+96
-2.43917596123991e+97
2.61094930623007e+96
1.07497817759632e+97
2.83900889383591e+97
4.31317610382427e+97
2.84924864432471e+97
-1.17654424105837e+98
-4.15903975756294e+96
1.10439267280245e+97
-2.78306129308106e+97
6.65704535187597e+97
1.57296158806393e+96
-3.39070196613932e+96
6.94029579595795e+96
-1.34894756587614e+97
2.48961752734757e+97
-4.3627659841182e+97
7.25827071913549e+97
-1.14623843248219e+98
-1.44287351055867e+96
2.05127954684333e+96
-2.7659339338253e+96
3.53599722403665e+96
-4.28391554891603e+96
4.91593008612369e+96
-5.34013848432412e+96
5.48775352141956e+96
-5.33101089855039e+96
4.89143707007627e+96
-4.23518338072038e+96
3.45674673702223e+96
-2.65657641843976e+96
1.91990528209226e+96
-1.30292772441697e+96
-9.89343773067016e+97
5.89194250259186e+97
-3.27739646031441e+97
1.69899727238107e+97
-8.18771790415082e+96
3.65773302305321e+96
-1.50989500856858e+96
-5.54135308753661e+97
1.93090044982288e+97
-6.13836161969287e+96
1.77018055597496e+96
3.66488674524323e+97
-8.51237742242216e+96
-1.16909209116186e+98
2.10140091572696e+97
-3.25148971789244e+96
-2.4101442193243e+97
2.57987307025615e+96
1.06233440330751e+97
2.80600612848573e+97
4.26361450895773e+97
2.81688185419678e+97
-1.16237116950844e+98
-4.10832622648964e+96
1.09092618600781e+97
-2.74912584578056e+97
6.57587221377251e+97
1.55354433768331e+96
-3.34884581964393e+96
6.85462207783553e+96
-1.3322956306284e+97
2.45888471620157e+97
-4.30891029563805e+97
7.16867178661036e+97
-1.13208881667728e+98
-1.42483909657042e+96
2.02564069154809e+96
-2.73136264338342e+96
3.49180094465569e+96
-4.23037106931252e+96
4.85448608261611e+96
-5.27339231694397e+96
5.41916231893376e+96
-5.26437881468707e+96
4.83029920044986e+96
-4.18224799814464e+96
3.41354100144939e+96
-2.62337197843345e+96
1.8959084642089e+96
-1.28664248369776e+96
-9.7713092310404e+97
5.81921003820972e+97
-3.2369389839685e+97
1.67802417874731e+97
-8.08664547796898e+96
3.61258052026654e+96
-1.49125626731339e+96
-5.47378417650341e+97
1.90735586776338e+97
-6.06351303761683e+96
1.74859572364045e+96
3.62073817045493e+97
-8.40983418905244e+96
-1.15517680611173e+98
2.07638869175916e+97
-3.212788397386e+96
-2.38179543451363e+97
2.54952788709298e+96
1.04998459989675e+97
2.77376184138106e+97
4.21517897002649e+97
2.78524215983314e+97
-1.14853550062117e+98
-4.0588345524394e+96
1.07778415151731e+97
-2.71600801591717e+97
6.49665480575268e+97
1.53460062930845e+96
-3.30801044816371e+96
6.77103774443491e+96
-1.31604979774977e+97
2.42890140759148e+97
-4.25636802348606e+97
7.08125796594205e+97
-1.11828427746012e+98
-1.40724993960166e+96
2.00063484159932e+96
-2.69764489385721e+96
3.4486958404337e+96
-4.17814856539848e+96
4.79455908853079e+96
-5.20829406572249e+96
5.3522645852552e+96
-5.19939183038457e+96
4.77067078209594e+96
-4.13061955318526e+96
3.37140198531849e+96
-2.59098733287503e+96
1.87250411101687e+96
-1.27075931421457e+96
-9.6521591654308e+97
5.74825135185513e+97
-3.1974681727128e+97
1.65756257078826e+97
-7.98803797659267e+96
3.56852918354183e+96
-1.47307208224637e+96
-5.40784322564306e+97
1.88437855313229e+97
-5.99046780729005e+96
1.72753094184769e+96
3.57764059303052e+97
-8.3097320915531e+96
-1.1415888812466e+98
2.05196488594945e+97
-3.17499753410724e+96
-2.35410578769912e+97
2.51988826022459e+96
1.03791863286325e+97
2.74225018232887e+97
4.16783154167635e+97
2.75430533296439e+97
-1.13502532788172e+98
-4.01052110322361e+96
1.06495498322526e+97
-2.68367860658821e+97
6.41932328920976e+97
1.51611334875088e+96
-3.26815896006879e+96
6.68946728371036e+96
-1.30019539037339e+97
2.39964051389109e+97
-4.20509169973565e+97
6.99595028542212e+97
-1.10481234348369e+98
-1.39008975112052e+96
1.97623884019662e+96
-2.66474946074431e+96
3.40664199365708e+96
-4.12719967624183e+96
4.73609360814925e+96
-5.14478344606872e+96
5.28699836937067e+96
-5.13598976408798e+96
4.71249659578768e+96
-4.08025023503383e+96
3.33029066555843e+96
-2.55939249178199e+96
1.84967054878323e+96
-1.25526350726858e+96
-9.53587989079804e+97
5.67900233773749e+97
-3.1589483676624e+97
1.63759396299228e+97
-7.89180631561729e+96
3.52553921583374e+96
-1.45532602533359e+96
-5.34347210088919e+97
1.86194824894586e+97
-5.91916153145341e+96
1.70696763971613e+96
3.53555692456204e+97
-8.21198498523198e+96
-1.12831689905776e+98
2.02810897573628e+97
-3.13808537357248e+96
-2.32705255467472e+97
2.49092986514383e+96
1.0261268282551e+97
2.71144646262721e+97
4.12153596449858e+97
2.72404820993733e+97
-1.12182929848226e+98
-3.96334429967138e+96
1.05242764018501e+97
-2.65210979468791e+97
6.34381111164115e+97
1.49806619669841e+96
-3.22925622029016e+96
6.60983877905245e+96
-1.28471843045787e+97
2.37107623722656e+97
-4.1550361166019e+97
6.91267353350741e+97
-1.09166113721269e+98
-1.37334302751912e+96
1.95243064643688e+96
-2.63264662421218e+96
3.36560141019704e+96
-4.07747837136351e+96
4.67903682002256e+96
-5.08280307843109e+96
5.22330470560916e+96
-5.07411533431667e+96
4.65572408324413e+96
-4.03109453682537e+96
3.29016989957147e+96
-2.52855891035188e+96
1.82738714820532e+96
-1.24014106295496e+96
-9.42236888942483e+97
5.61140194240541e+97
-3.121345607798e+97
1.61810075001863e+97
-7.79786565231171e+96
3.48357271499737e+96
-1.43800245074712e+96
-5.28061540354956e+97
1.84004565136937e+97
-5.84953284292312e+96
1.68688812017829e+96
3.49445180142257e+97
-8.1165107315202e+96
-1.11534996688603e+98
2.00480138195622e+97
-3.10202162101452e+96
-2.30061404393972e+97
2.46262948277484e+96
1.01459994680198e+97
2.68132709055544e+97
4.07625757242383e+97
2.69444863387506e+97
-1.10893658150459e+98
-3.91726449628335e+96
1.04019159491768e+97
-2.62127505104559e+97
6.27005481562012e+97
1.48044364078619e+96
-3.19126874700333e+96
6.53208369781394e+96
-1.26960559768423e+97
2.34318399361654e+97
-4.10615819350592e+97
6.83135603765697e+97
-1.07881933999713e+98
-1.35699500339582e+96
1.92918926889737e+96
-2.60130807954186e+96
3.32553790502008e+96
-4.02894081203161e+96
4.62333841780184e+96
-5.02229831539277e+96
5.16112743595778e+96
-5.01371398705519e+96
4.60030318875379e+96
-3.98310911851029e+96
3.25100431330956e+96
-2.49845940294676e+96
1.80563426224748e+96
-1.22537864797619e+96
-9.31152846746151e+97
5.54539198521601e+97
-3.08462753010176e+97
1.59906615492815e+97
-7.70613513613403e+96
3.44259356233504e+96
-1.42108644885773e+96
-5.21922031129278e+97
1.81865235430853e+97
-5.78152322844583e+96
1.66727550918315e+96
3.45429148565594e+97
-8.02323096777008e+96
-1.10267768710602e+98
1.98202341525138e+97
-3.06677735845896e+96
-2.27476953869354e+97
2.43496493738302e+96
1.00332915977183e+97
2.65186951111667e+97
4.03196320615368e+97
2.66548540056747e+97
-1.09633683827177e+98
-3.87224387011504e+96
1.02823680390623e+97
-2.591149066071e+97
6.19799386094026e+97
1.46323087101134e+96
-3.1541646155194e+96
6.45613669458803e+96
-1.25484419122013e+97
2.31594034240432e+97
-4.05841685341277e+97
6.75192945859729e+97
-1.0662761595823e+98
-1.34103160813488e+96
1.90649470390668e+96
-2.57070685389287e+96
3.28641699577937e+96
-3.98154522234571e+96
4.56895046230345e+96
-4.96321708097114e+96
5.10041304491894e+96
-4.95473373532734e+96
4.54618621197677e+96
-3.93625267940512e+96
3.21276019725058e+96
-2.46906806314902e+96
1.78439316836542e+96
-1.21096355643315e+96
-9.20326547449747e+97
5.48091699132837e+97
-3.04876327665985e+97
1.58047418102529e+97
-7.61653767665134e+96
3.4025673189182e+96
-1.40456380343701e+96
-5.15923643010015e+97
1.79775079782163e+97
-5.71507686470017e+96
1.64811370840221e+96
3.41504377262283e+97
-7.93207089274623e+96
-1.09029012932017e+98
1.95975722608905e+97
-3.03232496738986e+96
-2.24949924269679e+97
2.40791503862339e+96
9.92306026419098e+96
2.62305214970908e+97
3.98862113217565e+97
2.63713820781431e+97
-1.08402019469822e+98
-3.82824631723555e+96
1.01655368010107e+97
-2.56170768046851e+97
6.12757045888491e+97
1.44641375822215e+96
-3.11791336880358e+96
6.38193542805228e+96
-1.24042209412084e+97
2.28932292055618e+97
-4.01177290769702e+97
6.67432859877469e+97
-1.05402129985926e+98
-1.32543942551522e+96
1.88432787812198e+96
-2.54081722887467e+96
3.24820580382938e+96
-3.93525176931452e+96
4.51582724389425e+96
-4.90550972112793e+96
5.04111050588823e+96
-4.89712500996184e+96
4.49332767101563e+96
-3.89048583963436e+96
3.17540540963144e+96
-2.44036018939408e+96
1.76364601476102e+96
-1.19688367335139e+96
-9.09749104247036e+97
5.41792403621336e+97
-3.01372340817094e+97
1.56230956702108e+97
-7.52899972746347e+96
3.36346112905871e+96
-1.38842095181081e+96
-5.10061565631038e+97
1.77732422004865e+97
-5.65014046547864e+96
1.62938735115983e+96
3.37667790487212e+97
-7.84295906657576e+96
-1.07817780440616e+98
1.93798575811291e+97
-2.99863805657016e+96
-2.22478422970119e+97
2.38145952740923e+96
9.81522472903408e+96
2.59485435943023e+97
3.94620096694584e+97
2.60938760796663e+97
-1.07197721548293e+98
-3.78523735616559e+96
1.00513306727893e+97
-2.53292782062182e+97
6.0587294176681e+97
1.42997881543724e+96
-3.0824859340942e+96
6.30942039029918e+96
-1.22632774015712e+97
2.26331038143898e+97
-3.96618894885751e+97
6.59849122386645e+97
-1.04204493267757e+98
-1.31020565610459e+96
1.86267059506618e+96
-2.5116146684577e+96
3.21087296206655e+96
-3.89002245120341e+96
4.46392515436677e+96
-4.84912886458816e+96
4.98317113812611e+96
-4.84084052064915e+96
4.44168417492901e+96
-3.84577102974803e+96
3.13890928635421e+96
-2.41231221573151e+96
1.74337577034351e+96
-1.18312744072267e+96
-8.99412034237533e+97
5.35636260076416e+97
-2.97947982335131e+97
1.54455774525285e+97
-7.44345108485762e+96
3.32524363036105e+96
-1.37264494772914e+96
-5.04331204796357e+97
1.75735661238069e+97
-5.58666313917044e+96
1.61108176133416e+96
3.3391644917533e+97
-7.75582722403317e+96
-1.06633164027512e+98
1.91669270456937e+97
-2.96569139462036e+96
-2.20060639617679e+97
2.35557902531033e+96
9.70970772567945e+96
2.56725637174422e+97
3.90467360585866e+97
2.58221496343333e+97
-1.06019888000385e+98
-3.74318403775219e+96
9.93966216111007e+96
-2.50478743828574e+97
5.99141799817806e+97
1.41391316177217e+96
-3.04785454514222e+96
6.23853474767134e+96
-1.21255008287924e+97
2.23788233772469e+97
-3.92162925046413e+97
6.52435789632368e+97
-1.03033767155808e+98
-1.29531808221746e+96
1.84150548530994e+96
-2.48307575179902e+96
3.17438852905305e+96
-3.84582099349402e+96
4.41320256754956e+96
-4.794029293148e+96
4.92654847348061e+96
-4.78583512647096e+96
4.39121430493664e+96
-3.8020723878648e+96
3.10324255703449e+96
-2.38490164730667e+96
1.72356617810203e+96
-1.1696838258617e+96
-8.89307235737408e+97
5.2961844361735e+97
-2.94600568377278e+97
1.52720480272033e+97
-7.3598247000355e+96
3.28788486983777e+96
-1.35722342673911e+96
-4.98728170472116e+97
1.73783267761771e+97
-5.52459625574447e+96
1.59318291499766e+96
3.30247543432835e+97
-7.67061010013435e+96
-1.0547429592107e+98
1.89586246757517e+97
-2.93346084699346e+96
-2.17694841708857e+97
2.33025498721511e+96
9.60643527476425e+96
2.54023925026364e+97
3.86401115665469e+97
2.55560240493913e+97
-1.04867655978426e+98
-3.70205486098512e+96
9.83044761808802e+96
-2.47726545425385e+97
5.92558577923109e+97
1.39820448877064e+96
-3.01399266963437e+96
6.1692241922066e+96
-1.19907856674317e+97
2.21301930810084e+97
-3.87805967377416e+97
6.45187182001026e+97
-1.01889054715808e+98
-1.28076503523525e+96
1.82081596001197e+96
-2.45517811059636e+96
3.13872390892944e+96
-3.80261275185719e+96
4.3636197279655e+96
-4.74016782072517e+96
4.87119813209447e+96
-4.73206571515732e+96
4.34187850363249e+96
-3.75935566374862e+96
3.06837726670907e+96
-2.35810700019142e+96
1.70420171162142e+96
-1.15654229189583e+96
-8.7942696710286e+97
5.23734343781827e+97
-2.91327534371089e+97
1.51023744471904e+97
-7.27805650385751e+96
3.25135622561666e+96
-1.34214457386595e+96
-4.93248265570234e+97
1.71873779088483e+97
-5.46389332250145e+96
1.57567740458652e+96
3.26658385518e+97
-7.58724526710325e+96
-1.04340345666973e+98
1.87548012001253e+97
-2.90192331701535e+96
-2.15379370449519e+97
2.30546965701386e+96
9.50533651115876e+96
2.51378484741953e+97
3.82418687694639e+97
2.52953279233716e+97
-1.03740199741269e+98
-3.66181969430274e+96
9.72360703227642e+96
-2.4503417056996e+97
5.86118453161214e+97
1.38284102895554e+96
-2.98087494140103e+96
6.10143680287708e+96
-1.18590310014035e+97
2.18870266749434e+97
-3.83544758050514e+97
6.38097869508431e+97
-1.00769498435391e+98
-1.26653536510495e+96
1.80058616755638e+96
-2.42790037061813e+96
3.10385177666612e+96
-3.76036462159394e+96
4.31513864691244e+96
-4.68750318047204e+96
4.81707770639769e+96
-4.67949109039269e+96
4.29363897158307e+96
-3.7175881292798e+96
3.03428670276261e+96
-2.33190774522595e+96
1.68526753449671e+96
-1.14369277022214e+96
-8.69763826949605e+97
5.17979552745856e+97
-2.8812642846181e+97
1.49364296087131e+97
-7.19808524314096e+96
3.21563033380967e+96
-1.32739709342487e+96
-4.87887475463453e+97
1.70005796309719e+97
-5.40450986792831e+96
1.55855240540655e+96
3.23146403274779e+97
-7.50567298185525e+96
-1.03230518143593e+98
1.85553136985601e+97
-2.87105669068799e+96
-2.13112636876201e+97
2.28120602608028e+96
9.40634352180251e+96
2.48787576381081e+97
3.78517511556771e+97
2.50398967779594e+97
-1.02636728680813e+98
-3.6224497019744e+96
9.61906383318252e+96
-2.42399689691438e+97
5.79816810024082e+97
1.36781152643066e+96
-2.94847709704497e+96
6.03512291587689e+96
-1.17301403018623e+97
2.16491460054112e+97
-3.79376175129595e+97
6.31162658234304e+97
-9.96742780818052e+97
-1.25261841184865e+96
1.78080095304887e+96
-2.40122209708832e+96
3.06974600824286e+96
-3.71904495304686e+96
4.26772300539504e+96
-4.63599591933122e+96
4.76414665274842e+96
-4.62807186655174e+96
4.24645957074292e+96
-3.67673849482866e+96
3.00094532667197e+96
-2.30628425556291e+96
1.66674946242332e+96
-1.13112563478023e+96
-8.60310735662282e+97
5.1234985431187e+97
-2.84994905387002e+97
1.4774091933724e+97
-7.11985232763364e+96
3.1806810201507e+96
-1.31297018080144e+96
-4.82641958176763e+97
1.68177980678169e+97
-5.34640333304491e+96
1.54179564429983e+96
3.19709133985495e+97
-7.42583604321439e+96
-1.02144051702677e+98
1.83600252675208e+97
-2.84083978497807e+96
-2.10893118219791e+97
2.25744779434744e+96
9.30939119356895e+96
2.46249531004188e+97
3.74695125747729e+97
2.47895727119441e+97
-1.01556485473158e+98
-3.58391727518123e+96
9.51674470825916e+96
-2.39821255318951e+97
5.73649229385784e+97
1.35310520937894e+96
-2.91677591665811e+96
5.97023500327762e+96
-1.16040211913518e+97
2.14163805805759e+97
-3.75297230942792e+97
6.24376577631867e+97
-9.86026086978259e+97
-1.23900397893111e+96
1.76144582045434e+96
-2.37512374363302e+96
3.03638161538149e+96
-3.67862347252776e+96
4.22133806338671e+96
-4.58560829946751e+96
4.71236619014014e+96
-4.57777037029975e+96
4.20030573416861e+96
-3.63677683108262e+96
2.96832871020169e+96
-2.28121775763249e+96
1.64863392775959e+96
-1.11883167800283e+96
-8.5106091809668e+97
5.06841213607201e+97
-2.81930720746309e+97
1.46152450728509e+97
-7.04330168685893e+96
3.14648323604345e+96
-1.29885349605248e+96
-4.77508035204829e+97
1.66389050408006e+97
-5.28953296968528e+96
1.52539537031097e+96
3.16344218611716e+97
-7.34767965814709e+96
-1.01080216426225e+98
1.81688047068711e+97
-2.81125229933714e+96
-2.08719354494088e+97
2.23417933379102e+96
9.21441707044257e+96
2.43762747087259e+97
3.70949167196649e+97
2.45442040757201e+97
-1.00498744345283e+98
-3.54619596744924e+96
9.41657943145367e+96
-2.3729709776107e+97
5.67611478167788e+97
1.33871176431605e+96
-2.88574916832196e+96
5.90672755942851e+96
-1.14805852230072e+97
2.1188567162901e+97
-3.71305064941438e+97
6.1773486864739e+97
-9.75537387255707e+97
-1.2256823083453e+96
1.74250689717697e+96
-2.34958660452044e+96
3.00373468448906e+96
-3.63907120834633e+96
4.17595057494516e+96
-4.53630420605847e+96
4.66169920544343e+96
-4.52855054854079e+96
4.15514438155719e+96
-3.59767449591633e+96
2.93641347571553e+96
-2.25669028527062e+96
1.63090794637522e+96
-1.10680208831786e+96
-8.42007887385978e+97
5.01449767440039e+97
-2.78931725636958e+97
1.44597776273019e+97
-6.96837963609779e+96
3.113012998691e+96
-1.28503713919179e+96
-4.72482182909303e+97
1.64637777677252e+97
-5.23385974520249e+96
1.50934032720595e+96
3.13049396395029e+97
-7.27115131635518e+96
-1.00038312491176e+98
1.79815262259317e+97
-2.78227477021997e+96
-2.06589945293192e+97
2.21138565414778e+96
9.12136121934996e+96
2.41325687151863e+97
3.6727736639434e+97
2.4303645164929e+97
-9.94628094489392e+97
-3.50926043411738e+96
9.31850070247107e+96
-2.34825521055252e+97
5.61699499650084e+97
1.32462131196982e+96
-2.85537555611304e+96
5.84455699453061e+96
-1.13597476737011e+97
2.09655493873801e+97
-3.6739693700999e+97
6.11232972590005e+97
-9.65269482488029e+97
-1.21264405728817e+96
1.72397090090099e+96
-2.32459276994918e+96
2.97178231949794e+96
-3.60036042156008e+96
4.13152870874569e+96
-4.48804906097038e+96
4.61211016469565e+96
-4.48037788224124e+96
4.11094384017541e+96
-3.5594040659293e+96
2.9051772402977e+96
-2.23268463677506e+96
1.61355908661583e+96
-1.09502842908638e+96
-8.33145429769651e+97
4.96171815264431e+97
-2.75995861628035e+97
1.43075828883322e+97
-6.89503475083409e+96
3.08024733500627e+96
-1.27151162703665e+96
-4.67561024453746e+97
1.6292298581748e+97
-5.17934625312871e+96
1.49361972770823e+96
3.09822499791747e+97
-7.19620067262497e+96
-9.90176686341908e+97
1.77980691675307e+97
-2.75388852838711e+96
-2.04503546782948e+97
2.1890523707113e+96
9.03016610403941e+96
2.38936874595339e+97
3.63677542808161e+97
2.4067755931943e+97
-9.8448013334078e+97
-3.47308637554943e+96
9.22244399597879e+96
-2.32404899167804e+97
5.55909404381558e+97
1.31082438466708e+96
-2.82563467135756e+96
5.78368153486198e+96
-1.12414273501163e+97
2.0747177403625e+97
-3.63570221194046e+97
6.04866520697097e+97
-9.55215473450802e+97
-1.19988027630941e+96
1.70582510852561e+96
-2.30012508416024e+96
2.94050258831581e+96
-3.56246454109761e+96
4.08804197363309e+96
-4.44080974188579e+96
4.56356502999292e+96
-4.43321930569551e+96
4.06767377078251e+96
-3.52193927230722e+96
2.87459856340294e+96
-2.20918433467354e+96
1.59657544022732e+96
-1.08350261887075e+96
-8.24467590370479e+97
4.91003810709916e+97
-2.73121156048836e+97
1.41585585929935e+97
-6.82321774904648e+96
3.04816422902774e+96
-1.25826787150132e+96
-4.62741322237359e+97
1.61243546677326e+97
-5.12595662936095e+96
1.47822322932847e+96
3.06661449717683e+97
-7.12277943637848e+96
-9.80176407094697e+97
1.76183177487768e+97
-2.72607565879471e+96
-2.02458868872877e+97
2.16716567405974e+96
8.94077646645117e+96
2.36594890707399e+97
3.6014760056393e+97
2.38364017139874e+97
-9.74537155147881e+97
-3.43765048382229e+96
9.12834742004259e+96
-2.30033672426484e+97
5.5023746164681e+97
1.29731190511917e+96
-2.79650694690108e+96
5.72406112917399e+96
-1.11255464068139e+97
2.05333075400916e+97
-3.59822399816283e+97
5.98631324345075e+97
-9.45368745398223e+97
-1.18738238882579e+96
1.68805732704136e+96
-2.27616710616683e+96
2.90987447262219e+96
-3.52535810293637e+96
4.04546114882618e+96
-4.39455450648521e+96
4.5160311815761e+96
-4.38704313083736e+96
4.0253050981825e+96
-3.48525494069153e+96
2.84465689777829e+96
-2.18617358800609e+96
1.57994559509744e+96
-1.07221691293585e+96
-8.15968659851261e+97
4.85942353635056e+97
-2.70305717568639e+97
1.40126066949898e+97
-6.75288138078047e+96
3.01674257258753e+96
-1.24529715923302e+96
-4.58019970791908e+97
1.595983781474e+97
-5.07365647347758e+96
1.46314091167368e+96
3.03564251081093e+97
-7.05084126791765e+96
-9.70376103330872e+97
1.74421608173829e+97
-2.6988189628906e+96
-2.00454672556076e+97
2.14571230158144e+96
8.85313921506445e+96
2.3429837186048e+97
3.56685524376882e+97
2.36094529767954e+97
-9.64793011212664e+97
-3.40293039264498e+96
9.03615158314126e+96
-2.27710344169276e+97
5.44680091450075e+97
1.28407516650614e+96
-2.76797361417766e+96
5.66565736081785e+96
-1.10120301754378e+97
2.03238019888602e+97
-3.5615105795261e+97
5.92523365859426e+97
-9.35722953550197e+97
-1.17514217190263e+96
1.67065586620769e+96
-2.25270307291304e+96
2.87987782077022e+96
-3.48901669304237e+96
4.00375821843929e+96
-4.3492529213183e+96
4.46947734473571e+96
-4.34181897623262e+96
3.98380994607187e+96
-3.44932693476828e+96
2.81533254342035e+96
-2.16363725694041e+96
1.56365860968332e+96
-1.06116388589456e+96
-8.0764316188837e+97
4.8098418266743e+97
-2.67547732047073e+97
1.38696331495611e+97
-6.68398032448083e+96
2.9859621189996e+96
-1.23259113249461e+96
-4.5339399010909e+97
1.5798644183519e+97
-5.02241277482314e+96
1.44836325513166e+96
3.00528988583601e+97
-6.98034168089307e+96
-9.60769836078468e+97
1.72694916224632e+97
-2.67210192314983e+96
-1.98489767405569e+97
2.12467951067537e+96
8.76720331974718e+96
2.32046006862153e+97
3.53289375715086e+97
2.33867850727678e+97
-9.55241796318589e+97
-3.36890463028214e+96
8.94579946915947e+96
-2.25433477594222e+97
5.3923385698006e+97
1.27110581376784e+96
-2.74001666288074e+96
5.60843336519646e+96
-1.09008070042708e+97
2.01185285095198e+97
-3.52553878243072e+97
5.86538789881693e+97
-9.26272009458912e+97
-1.16315173821172e+96
1.65360951290336e+96
-2.22971786468798e+96
2.85049330357168e+96
-3.45341689380313e+96
3.96290631001234e+96
-4.30487579502952e+96
4.42387352119181e+96
-4.29751770041903e+96
3.94316157587591e+96
-3.41413210331036e+96
2.78660660435134e+96
-2.14156081955336e+96
1.54770398900445e+96
-1.05033641541562e+96
-7.9948584140444e+97
4.76126168195725e+97
-2.64845458635964e+97
1.37295477114037e+97
-6.61647108960626e+96
2.9558034395543e+96
-1.22014177120581e+96
-4.48860519368215e+97
1.5640674087945e+97
-4.97219384302748e+96
1.43388112083406e+96
2.9755382277054e+97
-6.91123795056587e+96
-9.51351899231335e+97
1.71002075988115e+97
-2.6459086696961e+96
-1.96563009216475e+97
2.10405505351228e+96
8.68291971267086e+96
2.29836534458782e+97
3.49957289179962e+97
2.31682780126903e+97
-9.45877836796769e+97
-3.33555257527382e+96
8.85723631980613e+96
-2.23201692796373e+97
5.33895457522364e+97
1.25839582601753e+96
-2.71261880305345e+96
5.55235375216854e+96
-1.07918081074155e+97
1.99173601508169e+97
-3.49028636014068e+97
5.80673895254378e+97
-9.17010068193349e+97
-1.15140351908273e+96
1.63690750703118e+96
-2.20719697263593e+96
2.82170237276165e+96
-3.41853623370689e+96
3.92287963676612e+96
-4.26139511563049e+96
4.37919092463237e+96
-4.25411133928571e+96
3.90333432929171e+96
-3.3796482304291e+96
2.75846094801456e+96
-2.11993034062566e+96
1.53207166209067e+96
-1.03972766691884e+96
-7.91491653507014e+97
4.71365305782253e+97
-2.62197226115041e+97
1.35922637447139e+97
-6.55031192508671e+96
2.92624788262323e+96
-1.20794137606182e+96
-4.44416811036452e+97
1.5485831789442e+97
-4.9229692426521e+96
1.41968573180968e+96
2.94636986313598e+97
-6.84348902746532e+96
-9.42116808246674e+97
1.69342101637432e+97
-2.6202239488672e+96
-1.94673297784176e+97
2.08382715325179e+96
8.60024119488629e+96
2.27668740980466e+97
3.46687469089717e+97
2.29538162501298e+97
-9.36695679287223e+97
-3.30285441475978e+96
8.77040952394836e+96
-2.2101366397901e+97
5.28661721788768e+97
1.24593750000004e+96
-2.68576342943083e+96
5.49738453306219e+96
-1.06849674229345e+97
1.97201749888385e+97
-3.45573194690321e+97
5.74925127387898e+97
-9.07931516285038e+97
-1.1398902485714e+96
1.62053951886835e+96
-2.18512646821562e+96
2.79348722195498e+96
-3.3843531400408e+96
3.88365344332198e+96
-4.21878399153569e+96
4.33540192011906e+96
-4.21157304720975e+96
3.86430357427825e+96
-3.34585398881066e+96
2.730878167106e+96
-2.09873244230866e+96
1.51675196078309e+96
-1.02933107918858e+96
-7.83655753084256e+97
4.66698709966771e+97
-2.59601429445311e+97
1.34576980445153e+97
-6.48546273321837e+96
2.89727753519312e+96
-1.19598255265472e+96
-4.40060225316099e+97
1.53340253034955e+97
-4.87470973168037e+96
1.40576865524633e+96
2.91776780509984e+97
-6.77705545607537e+96
-9.3305928949454e+97
1.67714045256563e+97
-2.59503309359376e+96
-1.92819574809436e+97
2.06398448161824e+96
8.51912234818639e+96
2.25541458117993e+97
3.43478186252536e+97
2.27432884776947e+97
-9.27690080148441e+97
-3.27079110523116e+96
8.68526851339159e+96
-2.18868116827315e+97
5.23529601635073e+97
1.23372343452292e+96
-2.65943458787943e+96
5.44349305198126e+96
-1.05802214793343e+97
1.95268558805952e+97
-3.42185501476699e+97
5.69289071076495e+97
-8.9903096038283e+97
-1.12860494847415e+96
1.6044956277623e+96
-2.16349297447383e+96
2.76583074992215e+96
-3.35084689439904e+96
3.84520395464592e+96
-4.17701659610077e+96
4.29247996709246e+96
-4.16987704168921e+96
3.82604565425489e+96
-3.31272889573009e+96
2.70384154367318e+96
-2.07795427653368e+96
1.50173559979429e+96
-1.01914035084173e+96
-7.75973485012617e+97
4.62123608434755e+97
-2.57056526525156e+97
1.33257706684956e+97
-6.42188498862326e+96
2.86887518666234e+96
-1.18425819652882e+96
-4.35788224915259e+97
1.51851662174357e+97
-4.82738720359053e+96
1.39212178578577e+96
2.88971571983537e+97
-6.71189929821188e+96
-9.24174270215852e+97
1.66116995035307e+97
-2.57032199547037e+96
-1.91000821922063e+97
2.04451613774555e+96
8.43951945191031e+96
2.23453560823285e+97
3.40327774917351e+97
2.25365874344057e+97
-9.18855995472025e+97
-3.23934433554634e+96
8.6017646646715e+96
-2.16763826033528e+97
5.18496166141329e+97
1.2217465157945e+96
-2.63361694379162e+96
5.39064792111301e+96
-1.04775092698267e+97
1.93372902319573e+97
-3.38863583291563e+97
5.63762443732612e+97
-8.903032165685e+97
-1.11754091422405e+96
1.58876630207954e+96
-2.14228363900854e+96
2.73871652602508e+96
-3.3179975908078e+96
3.80750832799572e+96
-4.13606811542308e+96
4.25039956572965e+96
-4.12899855123293e+96
3.78853784028788e+96
-3.28025327165278e+96
2.67733501532569e+96
-2.05758349904413e+96
1.4870136579414e+96
-1.00914942759169e+96
-7.68440374934883e+97
4.57637336525356e+97
-2.54561035135377e+97
1.31964047786378e+97
-6.35954166192919e+96
2.84102429474613e+96
-1.17276147910651e+96
-4.31598370120193e+97
1.50391695187317e+97
-4.78097463277016e+96
1.37873732978243e+96
2.86219789574314e+97
-6.64798406077758e+96
-9.15456869048738e+97
1.64550073566419e+97
-2.54607707840735e+96
-1.89216058815388e+97
2.02541162820824e+96
8.36139040436864e+96
2.21403965325376e+97
3.37234629890889e+97
2.23336097234754e+97
-9.10188571662489e+97
-3.20849649205983e+96
8.51985120645737e+96
-2.14699612963526e+97
5.135585960303e+97
1.20999990360766e+96
-2.60829575230325e+96
5.33881895976771e+96
-1.03767721338425e+97
1.91513697789779e+97
-3.35605542934715e+97
5.58342089011549e+97
-8.81743300288697e+97
-1.10669170160843e+96
1.57334238032255e+96
-2.121486108507e+96
2.71212875766641e+96
-3.2857860962895e+96
3.77054460766709e+96
-4.09591469918275e+96
4.20913620642643e+96
-4.08891376628564e+96
3.75175828606196e+96
-3.24840820124722e+96
2.65134314341393e+96
-2.03760824494025e+96
1.47257756047229e+96
-9.99352490254248e+95
-7.61052120570222e+97
4.53237332056171e+97
-2.52113530060476e+97
1.30695264919882e+97
-6.29839714785241e+96
2.81370895334866e+96
-1.16148583442597e+96
-4.27488314149214e+97
1.48959534330971e+97
-4.73544602304965e+96
1.36560779046141e+96
2.8351992140423e+97
-6.58527462760602e+96
-9.06902387086027e+97
1.63012436238236e+97
-2.52228527375976e+96
-1.87464341484357e+97
2.0066608481616e+96
8.28469464859295e+96
2.19391627254595e+97
3.34197203810519e+97
2.21342556398479e+97
-9.0168313654521e+97
-3.17823062572492e+96
8.43948313219625e+96
-2.12674343455454e+97
5.0871417840184e+97
1.19847701831309e+96
-2.58345683021293e+96
5.28797713690136e+96
-1.0277953645317e+97
1.89689903817109e+97
-3.32409555474289e+97
5.530249708004e+97
-8.73346416862176e+97
-1.09605111425267e+96
1.55821505333592e+96
-2.10108850475268e+96
2.68605225961645e+96
-3.25419401370198e+96
3.73429168235042e+96
-4.05653341431969e+96
4.16866632219378e+96
-4.04959979298404e+96
3.71568598544967e+96
-3.21717549664691e+96
2.62585108304355e+96
-2.01801710563463e+96
1.45841906241136e+96
-9.89743943445253e+95
-7.53804583520742e+97
4.48921130443729e+97
-2.49712640374419e+97
1.29450647399506e+97
-6.23841719738954e+96
2.78691386227086e+96
-1.15042494663676e+96
-4.23455798769545e+97
1.47554392717578e+97
-4.69077635914844e+96
1.35272595391658e+96
2.80870512107209e+97
-6.52373719512679e+96
-8.98506299429488e+97
1.61503269716573e+97
-2.49893399683801e+96
-1.857447605606e+97
1.98825406351984e+96
8.20939310213469e+96
2.17415539868117e+97
3.31214004563157e+97
2.19384290068926e+97
-8.93335190968338e+97
-3.14853042104078e+96
8.36061711765494e+96
-2.10686925741798e+97
5.03960301762496e+97
1.18717152852988e+96
-2.55908652949069e+96
5.23809451689159e+96
-1.0180999507297e+97
1.87900518296987e+97
-3.29273864838156e+97
5.4780816754721e+97
-8.65107952524298e+97
-1.08561319181914e+96
1.5433758475293e+96
-2.08107940200307e+96
2.66047242509282e+96
-3.22320364670101e+96
3.69872924492422e+96
-4.01790220135738e+96
4.12896724377439e+96
-4.01103460955537e+96
3.68030073250494e+96
-3.18653766281144e+96
2.60084455480325e+96
-1.99879910712452e+96
1.44453023285692e+96
-9.80318404924223e+95
-7.46693781541803e+97
4.44686360100139e+97
-2.47357046880019e+97
1.28229511355444e+97
-6.17956885384732e+96
2.76062429863269e+96
-1.139572738203e+96
-4.19498650159934e+97
1.46175512872838e+97
-4.64694156084372e+96
1.34008487589375e+96
2.78270160213205e+97
-6.4633392116045e+96
-8.90264247208894e+97
1.60021790510183e+97
-2.47601112471113e+96
-1.84056439738291e+97
1.97018189410617e+96
8.13544809065784e+96
2.15474732370552e+97
3.28283592841193e+97
2.174603702169e+97
-8.85140400866918e+97
-3.11938016672455e+96
8.28321144304268e+96
-2.08736308486873e+97
4.9929445133123e+97
1.17607733954508e+96
-2.53517171227205e+96
5.18914420835392e+96
-1.00858574524577e+97
1.86144576583663e+97
-3.26196780596437e+97
5.42688866908095e+97
-8.57023465973676e+97
-1.07537219887412e+96
1.52881660904984e+96
-2.06144780564801e+96
2.635375198477e+96
-3.19279796668595e+96
3.66383775452411e+96
-3.9799998331988e+96
4.09001715729959e+96
-3.97319702518366e+96
3.64558308372118e+96
-3.15647786484813e+96
2.57630981809281e+96
-1.97994368949381e+96
1.43090344016735e+96
-9.71070695541029e+95
-7.39715881245731e+97
4.40530738087863e+97
-2.45045479691902e+97
1.27031198481058e+97
-6.12182039245917e+96
2.73482608989786e+96
-1.12892335876814e+96
-4.15614775003102e+97
1.44822165374291e+97
-4.60391843968502e+96
1.32767786930804e+96
2.75717515676197e+97
-6.40404931972198e+96
-8.82172030036355e+97
1.58567243614449e+97
-2.45350497522076e+96
-1.8239853428509e+97
1.95243529771358e+96
8.06282328508861e+96
2.13568268323694e+97
3.25404579827012e+97
2.15569901083888e+97
-8.77094589759828e+97
-3.0907647279977e+96
8.2072259194201e+96
-2.06821478932341e+97
4.94714204603502e+97
1.16518858235777e+96
-2.5116997272411e+96
5.14110031580135e+96
-9.99247714914644e+96
1.84421149756149e+97
-3.23176674922758e+97
5.37664360691725e+97
-8.49088680388409e+97
-1.06532261437895e+96
1.51452948884219e+96
-2.04218313206457e+96
2.61074704956063e+96
-3.16296058159878e+96
3.62959840073876e+96
-3.94280587623271e+96
4.05179506432044e+96
-3.93606664118252e+96
3.61151432240557e+96
-3.12697989716602e+96
2.55223364594655e+96
-1.96144068756451e+96
1.41753133797788e+96
-9.61995829746308e+95
-7.32867191210843e+97
4.36452066015856e+97
-2.42776715953732e+97
1.25855074849492e+97
-6.06514126335617e+96
2.70950558839695e+96
-1.11847117463823e+96
-4.11802156793263e+97
1.43493647564669e+97
-4.56168465809124e+96
1.31549849244823e+96
2.73211277537016e+97
-6.34583730229497e+96
-8.74225598868468e+97
1.57138901228383e+97
-2.43140428712925e+96
-1.80770229632839e+97
1.93500555501935e+96
7.99148364210155e+96
2.11695244139942e+97
3.22575624998302e+97
2.13712017791447e+97
-8.69193731652251e+97
-3.06266952038379e+96
8.13262181912195e+96
-2.04941461143865e+97
4.90217227157296e+97
1.15449960332614e+96
-2.48865838731362e+96
5.09393789396457e+96
-9.90081011259702e+96
1.82729342979596e+97
-3.20211979722757e+97
5.32732040082061e+97
-8.41299475881754e+97
-1.05545912176497e+96
1.5005069285384e+96
-2.02327518959112e+96
2.58657494922253e+96
-3.13367570645638e+96
3.59599306979475e+96
-3.90630065360049e+96
4.01428074405927e+96
-3.89962381432479e+96
3.57807642503241e+96
-3.09802815434335e+96
2.52860330125555e+96
-1.94328031262293e+96
1.40440685199417e+96
-9.53089006629031e+95
-7.2614415546977e+97
4.32448226161603e+97
-2.40549577681092e+97
1.24700529795425e+97
-6.00950203767699e+96
2.68464964725291e+96
-1.10821075884405e+96
-4.08058852345035e+97
1.42189282335405e+97
-4.52021869067851e+96
1.30354053782456e+96
2.70750191712477e+97
-6.28867403092074e+96
-8.66421049250795e+97
1.55736061540343e+97
-2.40969820133115e+96
-1.79170740043081e+97
1.91788425530037e+96
7.92139534773749e+96
2.09854787654312e+97
3.19795434046852e+97
2.11885885021893e+97
